0.000000 
6.600000 
9.400000 
11.500000 
13.300000 
14.900000 
16.300000 
17.600000 
18.800000 
20.000000 
21.100000 
22.100000 
23.100000 
24.100000 
25.000000 
25.900000 
26.800000 
27.600000 
28.400000 
29.200000 
30.000000 
30.700000 
31.500000 
32.200000 
32.900000 
33.600000 
34.300000 
35.000000 
35.600000 
36.300000 
36.900000 
37.600000 
38.200000 
38.800000 
39.400000 
40.000000 
40.600000 
41.200000 
41.800000 
42.300000 
42.900000 
43.500000 
44.000000 
44.600000 
45.100000 
45.700000 
46.200000 
46.700000 
47.200000 
47.800000 
48.300000 
48.800000 
49.300000 
49.800000 
50.300000 
50.800000 
51.300000 
51.800000 
52.300000 
52.700000 
53.200000 
53.700000 
54.200000 
54.600000 
55.100000 
55.600000 
56.000000 
56.500000 
57.000000 
57.400000 
57.900000 
58.300000 
58.800000 
59.200000 
59.700000 
60.100000 
60.600000 
61.000000 
61.400000 
61.900000 
62.300000 
62.700000 
63.200000 
63.600000 
64.000000 
64.400000 
64.900000 
65.300000 
65.700000 
66.100000 
66.500000 
67.000000 
67.400000 
67.800000 
68.200000 
68.600000 
69.000000 
69.400000 
69.800000 
70.300000 
70.700000 
71.100000 
71.500000 
71.900000 
72.300000 
72.700000 
73.100000 
73.500000 
73.900000 
74.300000 
74.700000 
75.100000 
75.500000 
75.900000 
76.300000 
76.700000 
77.100000 
77.400000 
77.800000 
78.200000 
78.600000 
79.000000 
79.400000 
79.800000 
80.200000 
80.600000 
81.000000 
81.300000 
81.700000 
82.100000 
82.500000 
82.900000 
83.300000 
83.700000 
84.000000 
84.400000 
84.800000 
85.200000 
85.600000 
86.000000 
86.400000 
86.700000 
87.100000 
87.500000 
87.900000 
88.300000 
88.700000 
89.000000 
89.400000 
89.800000 
90.200000 
90.600000 
91.000000 
91.300000 
91.700000 
92.100000 
92.500000 
92.900000 
93.300000 
93.600000 
94.000000 
94.400000 
94.800000 
95.200000 
95.600000 
96.000000 
96.300000 
96.700000 
97.100000 
97.500000 
97.900000 
98.300000 
98.700000 
99.000000 
99.400000 
99.800000 
100.200000 
100.600000 
101.000000 
101.400000 
101.800000 
102.200000 
102.600000 
102.900000 
103.300000 
103.700000 
104.100000 
104.500000 
104.900000 
105.300000 
105.700000 
106.100000 
106.500000 
106.900000 
107.300000 
107.700000 
108.100000 
108.500000 
108.900000 
109.300000 
109.700000 
110.200000 
110.600000 
111.000000 
111.400000 
111.800000 
112.200000 
112.600000 
113.000000 
113.500000 
113.900000 
114.300000 
114.700000 
115.100000 
115.600000 
116.000000 
116.400000 
116.800000 
117.300000 
117.700000 
118.100000 
118.600000 
119.000000 
119.400000 
119.900000 
120.300000 
120.800000 
121.200000 
121.700000 
122.100000 
122.600000 
123.000000 
123.500000 
124.000000 
124.400000 
124.900000 
125.400000 
125.800000 
126.300000 
126.800000 
127.300000 
127.700000 
128.200000 
128.700000 
129.200000 
129.700000 
130.200000 
130.700000 
131.200000 
131.700000 
132.200000 
132.800000 
133.300000 
133.800000 
134.300000 
134.900000 
135.400000 
136.000000 
136.500000 
137.100000 
137.700000 
138.200000 
138.800000 
139.400000 
140.000000 
140.600000 
141.200000 
141.800000 
142.400000 
143.100000 
143.700000 
144.400000 
145.000000 
145.700000 
146.400000 
147.100000 
147.800000 
148.500000 
149.300000 
150.000000 
150.800000 
151.600000 
152.400000 
153.200000 
154.100000 
155.000000 
155.900000 
156.900000 
157.900000 
158.900000 
160.000000 
161.200000 
162.400000 
163.700000 
165.100000 
166.700000 
168.500000 
170.600000 
173.400000 
180.000000 
