0.000000 1700000000000.000000 0.000000 560000.000000
1000.000000 1699988098855.309082 -28562.563094 560019.602297
2000.000000 1699947635880.794189 -57123.079837 560086.254755
3000.000000 1699878614146.177490 -85679.094037 560199.972476
4000.000000 1699781039177.872803 -114228.148225 560360.780748
5000.000000 1699654918960.542969 -142767.782980 560568.715052
6000.000000 1699500263939.334473 -171295.536251 560823.821063
7000.000000 1699317087022.789795 -199808.942681 561126.154656
8000.000000 1699105403586.436035 -228305.532928 561475.781915
9000.000000 1698865231477.051270 -256782.832989 561872.779140
10000.000000 1698596591017.609375 -285238.363520 562317.232856
11000.000000 1698299505012.901123 -313669.639161 562809.239822
12000.000000 1697973998755.835693 -342074.167855 563348.907042
13000.000000 1697620100034.418701 -370449.450171 563936.351780
14000.000000 1697237839139.409912 -398792.978622 564571.701569
15000.000000 1696827248872.661133 -427102.236990 565255.094225
16000.000000 1696388364556.131348 -455374.699644 565986.677864
17000.000000 1695921224041.584229 -483607.830858 566766.610916
18000.000000 1695425867720.964111 -511799.084134 567595.062138
19000.000000 1694902338537.453613 -539945.901518 568472.210635
20000.000000 1694350681997.211670 -568045.712923 569398.245874
21000.000000 1693770946181.793213 -596095.935443 570373.367702
22000.000000 1693163181761.250000 -624093.972673 571397.786364
23000.000000 1692527442007.914062 -652037.214029 572471.722519
24000.000000 1691863782810.862549 -679923.034060 573595.407263
25000.000000 1691172262691.065430 -707748.791774 574769.082141
26000.000000 1690452942817.216064 -735511.829947 575992.999171
27000.000000 1689705887022.243164 -763209.474446 577267.420857
28000.000000 1688931161820.507568 -790839.033543 578592.620211
29000.000000 1688128836425.679443 -818397.797233 579968.880767
30000.000000 1687298982769.300537 -845883.036553 581396.496599
31000.000000 1686441675520.026611 -873292.002898 582875.772337
32000.000000 1685556992103.553955 -900621.927339 584407.023183
33000.000000 1684645012723.226562 -927870.019942 585990.574925
34000.000000 1683705820381.325684 -955033.469087 587626.763948
35000.000000 1682739500901.038818 -982109.440787 589315.937247
36000.000000 1681746142949.109375 -1009095.078010 591058.452437
37000.000000 1680725838059.165771 -1035987.500000 592854.677763
38000.000000 1679678680655.727295 -1062783.801599 594704.992104
39000.000000 1678604768078.887207 -1089481.052571 596609.784977
40000.000000 1677504200609.671143 -1116076.296931 598569.456539
41000.000000 1676377081496.067871 -1142566.552268 600584.417590
42000.000000 1675223516979.733154 -1168948.809079 602655.089563
43000.000000 1674043616323.361084 -1195220.030099 604781.904521
44000.000000 1672837491838.723145 -1221377.149636 606965.305145
45000.000000 1671605258915.371582 -1247417.072909 609205.744723
46000.000000 1670347036050.002686 -1273336.675388 611503.687126
47000.000000 1669062944876.479492 -1299132.802141 613859.606791
48000.000000 1667753110196.506104 -1324802.267178 616273.988692
49000.000000 1666417660010.954346 -1350341.852808 618747.328307
50000.000000 1665056725551.833984 -1375748.308993 621280.131583
51000.000000 1663670441314.904541 -1401018.352712 623872.914890
52000.000000 1662258945092.922363 -1426148.667330 626526.204971
53000.000000 1660822378009.516602 -1451135.901969 629240.538892
54000.000000 1659360884553.689209 -1475976.670892 632016.463973
55000.000000 1657874612614.931885 -1500667.552886 634854.537721
56000.000000 1656363713518.951416 -1525205.090663 637755.327751
57000.000000 1654828342063.997070 -1549585.790256 640719.411699
58000.000000 1653268656557.781250 -1573806.120438 643747.377131
59000.000000 1651684818854.984131 -1597862.512139 646839.821432
60000.000000 1650076994395.333496 -1621751.357878 649997.351699
61000.000000 1648445352242.246826 -1645469.011208 653220.584610
62000.000000 1646790065122.028564 -1669011.786166 656510.146293
63000.000000 1645111309463.607178 -1692375.956741 659866.672178
64000.000000 1643409265438.801270 -1715557.756352 663290.806836
65000.000000 1641684117003.100830 -1738553.377342 666783.203809
66000.000000 1639936051936.949463 -1761358.970488 670344.525421
67000.000000 1638165261887.511963 -1783970.644519 673975.442586
68000.000000 1636371942410.911865 -1806384.465659 677676.634584
69000.000000 1634556293014.921387 -1828596.457188 681448.788838
70000.000000 1632718517202.085449 -1850602.599014 685292.600663
71000.000000 1630858822513.260986 -1872398.827270 689208.773008
72000.000000 1628977420571.551514 -1893981.033935 693198.016167
73000.000000 1627074527126.614990 -1915345.066470 697261.047486
74000.000000 1625150362099.322266 -1936486.727481 701398.591040
75000.000000 1623205149626.742676 -1957401.774407 705611.377291
76000.000000 1621239118107.432373 -1978085.919236 709900.142731
77000.000000 1619252500246.996338 -1998534.828240 714265.629493
78000.000000 1617245533103.899658 -2018744.121749 718708.584948
79000.000000 1615218458135.495850 -2038709.373948 723229.761270
80000.000000 1613171521244.242920 -2058426.112710 727829.914983
81000.000000 1611104972824.074951 -2077889.819458 732509.806475
82000.000000 1609019067806.894043 -2097095.929067 737270.199489
83000.000000 1606914065709.148193 -2116039.829799 742111.860582
84000.000000 1604790230678.457520 -2134716.863274 747035.558561
85000.000000 1602647831540.249023 -2153122.324491 752042.063879
86000.000000 1600487141844.361084 -2171251.461877 757132.148009
87000.000000 1598308439911.571533 -2189099.477392 762306.582776
88000.000000 1596112008880.008057 -2206661.526674 767566.139661
89000.000000 1593898136751.392334 -2223932.719232 772911.589067
90000.000000 1591667116437.069092 -2240908.118690 778343.699550
91000.000000 1589419245803.770752 -2257582.743083 783863.237010
92000.000000 1587154827719.062744 -2273951.565206 789470.963844
93000.000000 1584874170096.416260 -2290009.513025 795167.638060
94000.000000 1582577585939.848389 -2305751.470138 800954.012345
95000.000000 1580265393388.072998 -2321172.276301 806830.833096
96000.000000 1577937915758.096924 -2336266.728025 812798.839402
97000.000000 1575595481588.199219 -2351029.579224 818858.761982
98000.000000 1573238424680.224854 -2365455.541949 825011.322079
99000.000000 1570867084141.124023 -2379539.287176 831257.230300
100000.000000 1568481804423.663818 -2393275.445684 837597.185409
101000.000000 1566082935366.237549 -2406658.608997 844031.873074
102000.000000 1563670832231.694824 -2419683.330412 850561.964557
103000.000000 1561245855745.110107 -2432344.126107 857188.115350
104000.000000 1558808372130.408447 -2444635.476337 863910.963761
105000.000000 1556358753145.761230 -2456551.826711 870731.129441
106000.000000 1553897376117.662109 -2468087.589569 877649.211858
107000.000000 1551424623973.592773 -2479237.145442 884665.788706
108000.000000 1548940885273.182617 -2489994.844620 891781.414269
109000.000000 1546446554237.765625 -2500355.008809 898996.617706
110000.000000 1543942030778.230957 -2510311.932899 906311.901296
111000.000000 1541427720521.066895 -2519859.886833 913727.738607
112000.000000 1538904034832.488525 -2528993.117585 921244.572606
113000.000000 1536371390840.540527 -2537705.851251 928862.813713
114000.000000 1533830211455.061523 -2545992.295257 936582.837784
115000.000000 1531280925385.394531 -2553846.640676 944404.984031
116000.000000 1528723967155.723145 -2561263.064679 952329.552885
117000.000000 1526159777117.914062 -2568235.733098 960356.803786
118000.000000 1523588801461.738037 -2574758.803120 968486.952914
119000.000000 1521011492222.343018 -2580826.426116 976720.170855
120000.000000 1518428307284.848389 -2586432.750590 985056.580203
121000.000000 1515839710385.926758 -2591571.925276 993496.253096
122000.000000 1513246171112.237061 -2596238.102367 1002039.208696
123000.000000 1510648164895.568604 -2600425.440882 1010685.410603
124000.000000 1508046173004.556885 -2604128.110182 1019434.764205
125000.000000 1505440682532.825195 -2607340.293627 1028287.113976
126000.000000 1502832186383.406006 -2610056.192385 1037242.240713
127000.000000 1500221183249.293945 -2612270.029383 1046299.858715
128000.000000 1497608177589.978271 -2613976.053423 1055459.612913
129000.000000 1494993679603.804688 -2615168.543437 1064721.075945
130000.000000 1492378205196.008545 -2615841.812907 1074083.745183
131000.000000 1489762275942.267090 -2615990.214442 1083547.039720
132000.000000 1487146419047.609863 -2615608.144506 1093110.297305
133000.000000 1484531167300.531494 -2614690.048313 1102772.771248
134000.000000 1481917059022.145508 -2613230.424877 1112533.627291
135000.000000 1479304638010.220703 -2611223.832224 1122391.940443
136000.000000 1476694453477.937988 -2608664.892764 1132346.691797
137000.000000 1474087059987.208496 -2605548.298826 1142396.765325
138000.000000 1471483017376.392334 -2601868.818346 1152540.944659
139000.000000 1468882890682.257324 -2597621.300725 1162777.909866
140000.000000 1466287250056.020508 -2592800.682834 1173106.234222
141000.000000 1463696670673.313721 -2587401.995186 1183524.380992
142000.000000 1461111732637.918701 -2581420.368251 1194030.700227
143000.000000 1458533020879.117188 -2574851.038934 1204623.425576
144000.000000 1455961125042.504395 -2567689.357194 1215300.671138
145000.000000 1453396639374.120361 -2559930.792819 1226060.428346
146000.000000 1450840162597.751465 -2551570.942331 1236900.562904
147000.000000 1448292297785.263428 -2542605.536035 1247818.811784
148000.000000 1445753652219.830566 -2533030.445208 1258812.780286
149000.000000 1443224837251.927490 -2522841.689401 1269879.939189
150000.000000 1440706468147.960938 -2512035.443878 1281017.621983
151000.000000 1438199163931.420898 -2500608.047156 1292223.022214
152000.000000 1435703547216.439209 -2488556.008666 1303493.190939
153000.000000 1433220244033.649902 -2475876.016509 1314825.034311
154000.000000 1430749883648.255371 -2462564.945299 1326215.311307
155000.000000 1428293098370.209961 -2448619.864100 1337660.631613
156000.000000 1425850523356.439941 -2434038.044424 1349157.453671
157000.000000 1423422796405.034180 -2418816.968306 1360702.082923
158000.000000 1421010557741.343506 -2402954.336416 1372290.670235
159000.000000 1418614449795.944092 -2386448.076226 1383919.210551
160000.000000 1416235116974.428711 -2369296.350191 1395583.541762
161000.000000 1413873205419.002197 -2351497.563957 1407279.343824
162000.000000 1411529362761.874268 -2333050.374562 1419002.138133
163000.000000 1409204237870.452393 -2313953.698630 1430747.287169
164000.000000 1406898480584.354248 -2294206.720529 1442509.994434
165000.000000 1404612741444.276611 -2273808.900494 1454285.304689
166000.000000 1402347671412.768311 -2252759.982684 1466068.104510
167000.000000 1400103921586.977295 -2231060.003161 1477853.123179
168000.000000 1397882142903.454834 -2208709.297779 1489634.933916
169000.000000 1395682985835.120361 -2185708.509954 1501407.955482
170000.000000 1393507100080.506592 -2162058.598310 1513166.454145
171000.000000 1391355134245.426025 -2137760.844164 1524904.546043
172000.000000 1389227735517.217529 -2112816.858846 1536616.199941
173000.000000 1387125549331.751465 -2087228.590832 1548295.240403
174000.000000 1385049219033.394531 -2060998.332656 1559935.351377
175000.000000 1382999385528.152588 -2034128.727596 1571530.080224
176000.000000 1380976686930.233887 -2006622.776105 1583072.842179
177000.000000 1378981758202.294922 -1978483.841969 1594556.925256
178000.000000 1377015230789.653320 -1949715.658163 1605975.495613
179000.000000 1375077732248.772217 -1920322.332393 1617321.603372
180000.000000 1373169885870.345459 -1890308.352297 1628588.188897
181000.000000 1371292310297.330322 -1859678.590286 1639768.089542
182000.000000 1369445619138.302002 -1828438.307994 1650854.046851
183000.000000 1367630420576.517822 -1796593.160336 1661838.714231
184000.000000 1365847316975.109863 -1764149.199125 1672714.665071
185000.000000 1364096904478.836426 -1731112.876255 1683474.401321
186000.000000 1362379772612.850342 -1697491.046411 1694110.362510
187000.000000 1360696503878.958008 -1663290.969290 1704614.935206
188000.000000 1359047673349.865967 -1628520.311319 1714980.462888
189000.000000 1357433848261.927246 -1593187.146849 1725199.256239
190000.000000 1355855587606.919678 -1557299.958806 1735263.603825
191000.000000 1354313441723.406982 -1520867.638781 1745165.783156
192000.000000 1352807951888.246338 -1483899.486544 1754898.072096
193000.000000 1351339649908.824707 -1446405.208977 1764452.760609
194000.000000 1349909057716.618652 -1408394.918395 1773822.162817
195000.000000 1348516686962.685059 -1369879.130254 1782998.629335
196000.000000 1347163038615.702637 -1330868.760238 1791974.559859
197000.000000 1345848602563.194580 -1291375.120705 1800742.415977
198000.000000 1344573857216.569824 -1251409.916495 1809294.734177
199000.000000 1343339269120.628906 -1210985.240083 1817624.138994
200000.000000 1342145292568.185547 -1170113.566085 1825723.356292
201000.000000 1340992369220.459229 -1128807.745104 1833585.226613
202000.000000 1339880927733.894043 -1087080.996917 1841202.718579
203000.000000 1338811383394.062744 -1044946.903012 1848568.942288
204000.000000 1337784137757.309814 -1002419.398464 1855677.162665
205000.000000 1336799578300.786133 -959512.763165 1862520.812739
206000.000000 1335858078081.520752 -916241.612417 1869093.506783
207000.000000 1334959995405.167969 -872620.886883 1875389.053288
208000.000000 1334105673505.059570 -828665.841925 1881401.467712
209000.000000 1333295440232.177246 -784392.036320 1887124.984982
210000.000000 1332529607756.651611 -739815.320397 1892554.071673
211000.000000 1331808472281.374023 -694951.823583 1897683.437849
212000.000000 1331132313768.289795 -649817.941394 1902508.048507
213000.000000 1330501395677.927979 -604430.321892 1907023.134580
214000.000000 1329915964722.691895 -558805.851619 1911224.203468
215000.000000 1329376250634.419678 -512961.641043 1915107.049045
216000.000000 1328882465946.693115 -466915.009541 1918667.761106
217000.000000 1328434805792.350830 -420683.469939 1921902.734229
218000.000000 1328033447716.627686 -374284.712651 1924808.675991
219000.000000 1327678551506.319336 -327736.589436 1927382.614534
220000.000000 1327370259035.331787 -281057.096810 1929621.905430
221000.000000 1327108694126.947998 -234264.359155 1931524.237821
222000.000000 1326893962433.107666 -187376.611539 1933087.639819
223000.000000 1326726151330.961914 -140412.182314 1934310.483129
224000.000000 1326605329836.924805 -93389.475491 1935191.486887
225000.000000 1326531548538.411865 -46326.952966 1935729.720692
226000.000000 1326504839543.414551 756.883392 1935924.606816
227000.000000 1326525216448.019531 47843.509734 1935775.921595
228000.000000 1326592674321.947754 94914.398277 1935283.795976
229000.000000 1326707189712.144287 141951.035360 1934448.715237
230000.000000 1326868720664.413574 188934.939469 1933271.517872
231000.000000 1327077206763.052734 235847.679196 1931753.393639
232000.000000 1327332569188.400879 282670.891086 1929895.880793
233000.000000 1327634710792.176758 329386.297343 1927700.862507
234000.000000 1327983516190.446533 375975.723344 1925170.562494
235000.000000 1328378851874.019775 422421.114945 1922307.539862
236000.000000 1328820566336.036621 468704.555514 1919114.683195
237000.000000 1329308490216.475342 514808.282678 1915595.203921
238000.000000 1329842436463.270264 560714.704746 1911752.628965
239000.000000 1330422200509.699463 606406.416760 1907590.792723
240000.000000 1331047560467.668945 651866.216166 1903113.828408
241000.000000 1331718277336.485107 697077.118051 1898326.158770
242000.000000 1332434095226.683350 742022.369937 1893232.486257
243000.000000 1333194741598.447266 786685.466086 1887837.782635
244000.000000 1333999927514.130859 831050.161314 1882147.278122
245000.000000 1334849347904.367676 875100.484264 1876166.450063
246000.000000 1335742681847.229980 918820.750136 1869901.011197
247000.000000 1336679592859.881592 962195.572849 1863356.897563
248000.000000 1337659729202.144531 1005209.876608 1856540.256081
249000.000000 1338682724191.387207 1047848.906875 1849457.431855
250000.000000 1339748196528.124512 1090098.240720 1842114.955243
251000.000000 1340855750631.707275 1131943.796542 1834519.528747
252000.000000 1342004976985.467529 1173371.843154 1826678.013751
253000.000000 1343195452490.677734 1214369.008216 1818597.417161
254000.000000 1344426740828.674316 1254922.286022 1810284.877998
255000.000000 1345698392830.491699 1295019.044622 1801747.653965
256000.000000 1347009946853.348633 1334647.032296 1792993.108050
257000.000000 1348360929163.328369 1373794.383363 1784028.695194
258000.000000 1349750854323.596680 1412449.623331 1774861.949069
259000.000000 1351179225587.499023 1450601.673400 1765500.468990
260000.000000 1352645535295.890625 1488239.854318 1755951.907019
261000.000000 1354149265278.049316 1525353.889586 1746223.955267
262000.000000 1355689887255.539307 1561933.908044 1736324.333452
263000.000000 1357266863248.393555 1597970.445829 1726260.776723
264000.000000 1358879645983.000244 1633454.447718 1716041.023788
265000.000000 1360527679301.086670 1668377.267883 1705672.805363
266000.000000 1362210398569.209229 1702730.670054 1695163.832981
267000.000000 1363927231088.172852 1736506.827117 1684521.788160
268000.000000 1365677596501.816162 1769698.320164 1673754.311970
269000.000000 1367460907204.619629 1802298.136998 1662868.994996
270000.000000 1369276568747.609131 1834299.670131 1651873.367733
271000.000000 1371123980242.043701 1865696.714280 1640774.891402
272000.000000 1373002534760.401367 1896483.463386 1629580.949223
273000.000000 1374911619734.190186 1926654.507171 1618298.838123
274000.000000 1376850617348.136719 1956204.827264 1606935.760915
275000.000000 1378818904930.322998 1985129.792907 1595498.818933
276000.000000 1380815855337.863525 2013425.156266 1583995.005129
277000.000000 1382840837337.738037 2041087.047368 1572431.197639
278000.000000 1384893215982.414062 2068111.968688 1560814.153812
279000.000000 1386972352979.918213 2094496.789408 1549150.504696
280000.000000 1389077607058.034668 2120238.739364 1537446.749983
281000.000000 1391208334322.332275 2145335.402708 1525709.253404
282000.000000 1393363888607.743164 2169784.711310 1513944.238572
283000.000000 1395543621823.437744 2193584.937907 1502157.785254
284000.000000 1397746884290.761230 2216734.689044 1490355.826074
285000.000000 1399973025074.018066 2239232.897798 1478544.143629
286000.000000 1402221392303.912842 2261078.816338 1466728.368013
287000.000000 1404491333493.474854 2282272.008306 1454913.974735
288000.000000 1406782195846.313232 2302812.341078 1443106.283009
289000.000000 1409093326557.071289 2322699.977882 1431310.454421
290000.000000 1411424073103.962891 2341935.369828 1419531.491943
291000.000000 1413773783533.298340 2360519.247846 1407774.239287
292000.000000 1416141806735.919189 2378452.614552 1396043.380581
293000.000000 1418527492715.481201 2395736.736077 1384343.440359
294000.000000 1420930192848.541992 2412373.133842 1372678.783841
295000.000000 1423349260136.423340 2428363.576325 1361053.617491
296000.000000 1425784049448.834961 2443710.070823 1349471.989842
297000.000000 1428233917759.260498 2458414.855217 1337937.792564
298000.000000 1430698224372.121094 2472480.389764 1326454.761771
299000.000000 1433176331141.742920 2485909.348923 1315026.479544
300000.000000 1435667602683.171387 2498704.613230 1303656.375650
301000.000000 1438171406574.881592 2510869.261228 1292347.729463
302000.000000 1440687113553.449707 2522406.561468 1281103.672044
303000.000000 1443214097700.259033 2533319.964594 1269927.188395
304000.000000 1445751736620.323242 2543613.095509 1258821.119849
305000.000000 1448299411613.320312 2553289.745644 1247788.166597
306000.000000 1450856507836.936279 2562353.865331 1236830.890335
307000.000000 1453422414462.630859 2570809.556290 1225951.717021
308000.000000 1455996524823.937012 2578661.064233 1215152.939720
309000.000000 1458578236557.419678 2585912.771598 1204436.721541
310000.000000 1461166951736.420654 2592569.190412 1193805.098643
311000.000000 1463762076997.725586 2598634.955291 1183259.983304
312000.000000 1466363023661.288330 2604114.816585 1172803.167038
313000.000000 1468969207843.160156 2609013.633664 1162436.323764
314000.000000 1471580050561.767090 2613336.368351 1152161.012994
315000.000000 1474194977837.687988 2617088.078520 1141978.683062
316000.000000 1476813420787.084961 2620273.911828 1131890.674352
317000.000000 1479434815708.943359 2622899.099626 1121898.222546
318000.000000 1482058604166.276611 2624968.951009 1112002.461871
319000.000000 1484684233061.457275 2626488.847038 1102204.428335
320000.000000 1487311154705.832764 2627464.235122 1092505.062960
321000.000000 1489938826883.788330 2627900.623552 1082905.214984
322000.000000 1492566712911.416016 2627803.576209 1073405.645056
323000.000000 1495194281689.955566 2627178.707424 1064007.028385
324000.000000 1497821007754.163818 2626031.677003 1054709.957872
325000.000000 1500446371315.777100 2624368.185417 1045514.947188
326000.000000 1503069858302.224609 2622193.969138 1036422.433829
327000.000000 1505690960390.753662 2619514.796150 1027432.782109
328000.000000 1508309175038.122070 2616336.461607 1018546.286114
329000.000000 1510924005506.017090 2612664.783645 1009763.172606
330000.000000 1513534960882.353516 2608505.599357 1001083.603865
331000.000000 1516141556098.604492 2603864.760912 992507.680488
332000.000000 1518743311943.315918 2598748.131823 984035.444118
333000.000000 1521339755071.953369 2593161.583368 975666.880119
334000.000000 1523930418013.226807 2587110.991154 967401.920193
335000.000000 1526514839172.038818 2580602.231819 959240.444930
336000.000000 1529092562829.196045 2573641.179879 951182.286298
337000.000000 1531663139138.023438 2566233.704713 943227.230068
338000.000000 1534226124118.017334 2558385.667675 935375.018174
339000.000000 1536781079645.670166 2550102.919345 927625.351015
340000.000000 1539327573442.596924 2541391.296909 919977.889679
341000.000000 1541865179061.092529 2532256.621656 912432.258120
342000.000000 1544393475867.240967 2522704.696607 904988.045252
343000.000000 1546912049021.702393 2512741.304258 897644.806992
344000.000000 1549420489458.291504 2502372.204445 890402.068238
345000.000000 1551918393860.467285 2491603.132315 883259.324771
346000.000000 1554405364635.842285 2480439.796416 876216.045115
347000.000000 1556881009888.824463 2468887.876885 869271.672315
348000.000000 1559344943391.493652 2456953.023751 862425.625666
349000.000000 1561796784552.819824 2444640.855331 855677.302377
350000.000000 1564236158386.320557 2431956.956726 849026.079179
351000.000000 1566662695476.255615 2418906.878418 842471.313871
352000.000000 1569076031942.452881 2405496.134950 836012.346808
353000.000000 1571475809403.855957 2391730.203702 829648.502339
354000.000000 1573861674940.883545 2377614.523755 823379.090185
355000.000000 1576233281056.683105 2363154.494829 817203.406761
356000.000000 1578590285637.363770 2348355.476314 811120.736454
357000.000000 1580932351911.287109 2333222.786371 805130.352841
358000.000000 1583259148407.491943 2317761.701111 799231.519862
359000.000000 1585570348913.328857 2301977.453845 793423.492940
360000.000000 1587865632431.374512 2285875.234405 787705.520060
361000.000000 1590144683135.696533 2269460.188537 782076.842797
362000.000000 1592407190327.532471 2252737.417348 776536.697300
363000.000000 1594652848390.449707 2235711.976827 771084.315232
364000.000000 1596881356745.045654 2218388.877416 765718.924669
365000.000000 1599092419803.247803 2200773.083650 760439.750959
366000.000000 1601285746922.271729 2182869.513840 755246.017538
367000.000000 1603461052358.288086 2164683.039816 750136.946712
368000.000000 1605618055219.854980 2146218.486725 745111.760397
369000.000000 1607756479421.162354 2127480.632865 740169.680828
370000.000000 1609876053635.138184 2108474.209580 735309.931229
371000.000000 1611976511246.461914 2089203.901188 730531.736453
372000.000000 1614057590304.529053 2069674.344961 725834.323588
373000.000000 1616119033476.408203 2049890.131140 721216.922531
374000.000000 1618160587999.832764 2029855.802993 716678.766535
375000.000000 1620182005636.263428 2009575.856905 712219.092727
376000.000000 1622183042624.058594 1989054.742509 707837.142590
377000.000000 1624163459631.789307 1968296.862850 703532.162434
378000.000000 1626123021711.728516 1947306.574577 699303.403827
379000.000000 1628061498253.551025 1926088.188173 695150.124008
380000.000000 1629978662938.269775 1904645.968206 691071.586275
381000.000000 1631874293692.439453 1882984.133617 687067.060354
382000.000000 1633748172642.655273 1861106.858024 683135.822736
383000.000000 1635600086070.370361 1839018.270063 679277.157010
384000.000000 1637429824367.059570 1816722.453739 675490.354156
385000.000000 1639237181989.750000 1794223.448815 671774.712840
386000.000000 1641021957416.941162 1771525.251209 668129.539670
387000.000000 1642783953104.937988 1748631.813418 664554.149453
388000.000000 1644522975444.612305 1725547.044961 661047.865424
389000.000000 1646238834718.615479 1702274.812837 657610.019463
390000.000000 1647931345059.056396 1678818.942003 654239.952295
391000.000000 1649600324405.664307 1655183.215867 650937.013682
392000.000000 1651245594464.449951 1631371.376795 647700.562592
393000.000000 1652866980666.881348 1607387.126634 644529.967360
394000.000000 1654464312129.587158 1583234.127246 641424.605839
395000.000000 1656037421614.600098 1558916.001061 638383.865537
396000.000000 1657586145490.154785 1534436.331629 635407.143738
397000.000000 1659110323692.049072 1509798.664197 632493.847622
398000.000000 1660609799685.580566 1485006.506289 629643.394368
399000.000000 1662084420428.068359 1460063.328293 626855.211248
400000.000000 1663534036331.969238 1434972.564068 624128.735719
401000.000000 1664958501228.597656 1409737.611541 621463.415495
402000.000000 1666357672332.455566 1384361.833336 618858.708622
403000.000000 1667731410206.182129 1358848.557385 616314.083540
404000.000000 1669079578726.128418 1333201.077564 613829.019139
405000.000000 1670402045048.564697 1307422.654327 611403.004808
406000.000000 1671698679576.525391 1281516.515349 609035.540476
407000.000000 1672969355927.297607 1255485.856169 606726.136656
408000.000000 1674213950900.558350 1229333.840843 604474.314471
409000.000000 1675432344447.164551 1203063.602602 602279.605683
410000.000000 1676624419638.600586 1176678.244508 600141.552715
411000.000000 1677790062637.087646 1150180.840118 598059.708671
412000.000000 1678929162666.355957 1123574.434153 596033.637349
413000.000000 1680041611983.087402 1096862.043166 594062.913246
414000.000000 1681127305849.026367 1070046.656212 592147.121575
415000.000000 1682186142503.765381 1043131.235528 590285.858260
416000.000000 1683218023138.205322 1016118.717204 588478.729938
417000.000000 1684222851868.693848 989012.011865 586725.353961
418000.000000 1685200535711.842773 961814.005349 585025.358389
419000.000000 1686150984560.026123 934527.559392 583378.381981
420000.000000 1687074111157.561523 907155.512308 581784.074192
421000.000000 1687969831077.572998 879700.679674 580242.095156
422000.000000 1688838062699.540039 852165.855016 578752.115679
423000.000000 1689678727187.531250 824553.810491 577313.817227
424000.000000 1690491748469.123535 796867.297578 575926.891904
425000.000000 1691277053215.008057 769109.047762 574591.042446
426000.000000 1692034570819.282959 741281.773223 573305.982198
427000.000000 1692764233380.434082 713388.167519 572071.435098
428000.000000 1693465975683.001709 685430.906278 570887.135665
429000.000000 1694139735179.935303 657412.647885 569752.828973
430000.000000 1694785451975.636475 629336.034167 568668.270639
431000.000000 1695403068809.688721 601203.691082 567633.226801
432000.000000 1695992531041.274658 573018.229407 566647.474105
433000.000000 1696553786634.280518 544782.245425 565710.799678
434000.000000 1697086786143.087891 516498.321608 564823.001120
435000.000000 1697591482699.052002 488169.027310 563983.886478
436000.000000 1698067831997.666748 459796.919451 563193.274235
437000.000000 1698515792286.415771 431384.543199 562450.993290
438000.000000 1698935324353.309814 402934.432661 561756.882940
439000.000000 1699326391516.108643 374449.111568 561110.792871
440000.000000 1699688959612.229736 345931.093955 560512.583135
441000.000000 1700022996989.341064 317382.884851 559962.124143
442000.000000 1700328474496.637695 288806.980963 559459.296647
443000.000000 1700605365476.804932 260205.871357 559003.991730
444000.000000 1700853645758.662598 231582.038144 558596.110795
445000.000000 1701073293650.495850 202937.957164 558235.565552
446000.000000 1701264289934.066895 174276.098667 557922.278011
447000.000000 1701426617859.311523 145598.927998 557656.180475
448000.000000 1701560263139.718018 116908.906280 557437.215529
449000.000000 1701665213948.389160 88208.491096 557265.336037
450000.000000 1701741460914.786133 59500.137170 557140.505136
451000.000000 1701788997122.155762 30786.297052 557062.696233
452000.000000 1701807818105.639893 2069.421800 557031.893002
453000.000000 1701797921851.066406 -26648.038339 557048.089383
454000.000000 1701759308794.423828 -55363.633248 557111.289582
455000.000000 1701691981822.017334 -84074.912252 557221.508074
456000.000000 1701595946271.307129 -112779.423441 557378.769600
457000.000000 1701471209932.429932 -141474.712987 557583.109178
458000.000000 1701317783050.402588 -170158.324459 557834.572102
459000.000000 1701135678328.009033 -198827.798139 558133.213952
460000.000000 1700924910929.369385 -227480.670344 558479.100599
461000.000000 1700685498484.192627 -256114.472739 558872.308212
462000.000000 1700417461092.713623 -284726.731652 559312.923273
463000.000000 1700120821331.312256 -313314.967393 559801.042583
464000.000000 1699795604258.818604 -341876.693570 560336.773273
465000.000000 1699441837423.500488 -370409.416401 560920.232821
466000.000000 1699059550870.738037 -398910.634031 561551.549062
467000.000000 1698648777151.382080 -427377.835847 562230.860206
468000.000000 1698209551330.798340 -455808.501792 562958.314849
469000.000000 1697741910998.598389 -484200.101677 563734.071994
470000.000000 1697245896279.056641 -512550.094495 564558.301065
471000.000000 1696721549842.214844 -540855.927734 565431.181927
472000.000000 1696168916915.672607 -569115.036691 566352.904903
473000.000000 1695588045297.067627 -597324.843780 567323.670792
474000.000000 1694978985367.243164 -625482.757847 568343.690893
475000.000000 1694341790104.104248 -653586.173479 569413.187020
476000.000000 1693676515097.162842 -681632.470317 570532.391523
477000.000000 1692983218562.773193 -709619.012364 571701.547311
478000.000000 1692261961360.055908 -737543.147295 572920.907869
479000.000000 1691512807007.511963 -765402.205770 574190.737281
480000.000000 1690735821700.328613 -793193.500741 575511.310248
481000.000000 1689931074328.372803 -820914.326761 576882.912109
482000.000000 1689098636494.877930 -848561.959297 578305.838861
483000.000000 1688238582535.818604 -876133.654036 579780.397176
484000.000000 1687350989539.976807 -903626.646197 581306.904419
485000.000000 1686435937369.698486 -931038.149842 582885.688668
486000.000000 1685493508682.338867 -958365.357182 584517.088728
487000.000000 1684523788952.397461 -985605.437892 586201.454143
488000.000000 1683526866494.342529 -1012755.538424 587939.145217
489000.000000 1682502832486.122070 -1039812.781315 589730.533018
490000.000000 1681451780993.363770 -1066774.264502 591575.999392
491000.000000 1680373808994.258789 -1093637.060639 593475.936970
492000.000000 1679269016405.132080 -1120398.216412 595430.749175
493000.000000 1678137506106.695312 -1147054.751854 597440.850222
494000.000000 1676979383970.980713 -1173603.659669 599506.665120
495000.000000 1675794758888.955811 -1200041.904549 601628.629672
496000.000000 1674583742798.814697 -1226366.422502 603807.190463
497000.000000 1673346450714.944336 -1252574.120176 606042.804857
498000.000000 1672083000757.563232 -1278661.874192 608335.940980
499000.000000 1670793514183.029053 -1304626.530470 610687.077700
500000.000000 1669478115414.811768 -1330464.903572 613096.704613
501000.000000 1668136932075.129639 -1356173.776042 615565.322006
502000.000000 1666770095017.241211 -1381749.897746 618093.440832
503000.000000 1665377738358.391846 -1407189.985227 620681.582670
504000.000000 1663959999513.408447 -1432490.721056 623330.279680
505000.000000 1662517019228.936523 -1457648.753194 626040.074555
506000.000000 1661048941618.313721 -1482660.694362 628811.520462
507000.000000 1659555914197.074951 -1507523.121406 631645.180979
508000.000000 1658038087919.080811 -1532232.574687 634541.630025
509000.000000 1656495617213.260986 -1556785.557464 637501.451776
510000.000000 1654928660020.967773 -1581178.535291 640525.240579
511000.000000 1653337377833.926758 -1605407.935428 643613.600854
512000.000000 1651721935732.779785 -1629470.146248 646767.146985
513000.000000 1650082502426.205566 -1653361.516670 649986.503206
514000.000000 1648419250290.612061 -1677078.355595 653272.303467
515000.000000 1646732355410.385498 -1700616.931352 656625.191300
516000.000000 1645021997618.684570 -1723973.471163 660045.819660
517000.000000 1643288360538.769043 -1747144.160616 663534.850767
518000.000000 1641531631625.845215 -1770125.143158 667092.955926
519000.000000 1639752002209.416748 -1792912.519594 670720.815331
520000.000000 1637949667536.123047 -1815502.347616 674419.117864
521000.000000 1636124826813.049316 -1837890.641335 678188.560869
522000.000000 1634277683251.490234 -1860073.370841 682029.849916
523000.000000 1632408444111.149414 -1882046.461780 685943.698541
524000.000000 1630517320744.753418 -1903805.794949 689930.827979
525000.000000 1628604528643.060059 -1925347.205914 693991.966867
526000.000000 1626670287480.238525 -1946666.484654 698127.850935
527000.000000 1624714821159.598389 -1967759.375225 702339.222673
528000.000000 1622738357859.642334 -1988621.575453 706626.830977
529000.000000 1620741130080.416260 -2009248.736648 710991.430776
530000.000000 1618723374690.129639 -2029636.463354 715433.782631
531000.000000 1616685332972.017578 -2049780.313126 719954.652311
532000.000000 1614627250671.413086 -2069675.796333 724554.810348
533000.000000 1612549378042.998779 -2089318.376003 729235.031558
534000.000000 1610451969898.203613 -2108703.467694 733996.094544
535000.000000 1608335285652.709717 -2127826.439409 738838.781160
536000.000000 1606199589374.032715 -2146682.611543 743763.875955
537000.000000 1604045149829.135742 -2165267.256870 748772.165580
538000.000000 1601872240532.038330 -2183575.600577 753864.438164
539000.000000 1599681139791.375977 -2201602.820336 759041.482662
540000.000000 1597472130757.866943 -2219344.046427 764304.088159
541000.000000 1595245501471.639893 -2236794.361898 769653.043150
542000.000000 1593001544909.372803 -2253948.802789 775089.134770
543000.000000 1590740559031.195312 -2270802.358397 780613.148000
544000.000000 1588462846827.297607 -2287349.971602 786225.864820
545000.000000 1586168716364.194824 -2303586.539243 791928.063335
546000.000000 1583858480830.587158 -2319506.912557 797720.516843
547000.000000 1581532458582.756348 -2335105.897678 803603.992877
548000.000000 1579190973189.437500 -2350378.256201 809579.252186
549000.000000 1576834353476.099609 -2365318.705810 815647.047682
550000.000000 1574462933568.570801 -2379921.920974 821808.123336
551000.000000 1572077052935.934570 -2394182.533717 828063.213020
552000.000000 1569677056432.627686 -2408095.134461 834413.039307
553000.000000 1567263294339.663330 -2421654.272945 840858.312213
554000.000000 1564836122404.902100 -2434854.459224 847399.727894
555000.000000 1562395901882.289307 -2447690.164750 854037.967278
556000.000000 1559942999569.976074 -2460155.823539 860773.694654
557000.000000 1557477787847.236572 -2472245.833424 867607.556195
558000.000000 1555000644710.094238 -2483954.557405 874540.178429
559000.000000 1552511953805.561523 -2495276.325085 881572.166647
560000.000000 1550012104464.399902 -2506205.434206 888704.103256
561000.000000 1547501491732.302002 -2516736.152293 895936.546067
562000.000000 1544980516399.391846 -2526862.718388 903270.026525
563000.000000 1542449585027.941406 -2536579.344898 910705.047871
564000.000000 1539909109978.194824 -2545880.219557 918242.083245
565000.000000 1537359509432.187988 -2554759.507486 925881.573721
566000.000000 1534801207415.452393 -2563211.353389 933623.926284
567000.000000 1532234633816.482666 -2571229.883846 941469.511732
568000.000000 1529660224403.851074 -2578809.209749 949418.662519
569000.000000 1527078420840.843994 -2585943.428844 957471.670528
570000.000000 1524489670697.492676 -2592626.628418 965628.784785
571000.000000 1521894427459.871826 -2598852.888102 973890.209094
572000.000000 1519293150536.531738 -2604616.282823 982256.099620
573000.000000 1516686305261.928711 -2609910.885879 990726.562395
574000.000000 1514074362896.715820 -2614730.772164 999301.650769
575000.000000 1511457800624.753906 -2619070.021530 1007981.362788
576000.000000 1508837101546.697021 -2622922.722299 1016765.638515
577000.000000 1506212754670.008789 -2626282.974915 1025654.357285
578000.000000 1503585254895.257812 -2629144.895756 1034647.334904
579000.000000 1500955102998.543701 -2631502.621092 1043744.320786
580000.000000 1498322805609.897705 -2633350.311197 1052944.995032
581000.000000 1495688875187.505615 -2634682.154626 1062248.965460
582000.000000 1493053829987.591309 -2635492.372637 1071655.764580
583000.000000 1490418194029.806152 -2635775.223787 1081164.846520
584000.000000 1487782497057.961182 -2635525.008680 1090775.583909
585000.000000 1485147274495.939453 -2634736.074878 1100487.264718
586000.000000 1482513067398.627686 -2633402.821987 1110299.089060
587000.000000 1479880422397.702637 -2631519.706887 1120210.165963
588000.000000 1477249891642.105957 -2629081.249148 1130219.510112
589000.000000 1474622032733.046387 -2626082.036593 1140326.038566
590000.000000 1471997408653.361572 -2622516.731036 1150528.567462
591000.000000 1469376587691.078125 -2618380.074183 1160825.808708
592000.000000 1466760143357.004395 -2613666.893687 1171216.366664
593000.000000 1464148654296.194824 -2608372.109376 1181698.734843
594000.000000 1461542704193.126465 -2602490.739631 1192271.292599
595000.000000 1458942881670.426514 -2596017.907929 1202932.301857
596000.000000 1456349780180.997070 -2588948.849533 1213679.903854
597000.000000 1453763997893.382568 -2581278.918338 1224512.115922
598000.000000 1451186137570.230469 -2573003.593868 1235426.828321
599000.000000 1448616806439.698486 -2564118.488406 1246421.801117
600000.000000 1446056616059.667725 -2554619.354274 1257494.661137
601000.000000 1443506182174.624756 -2544502.091239 1268642.898999
602000.000000 1440966124565.079590 -2533762.754055 1279863.866226
603000.000000 1438437066889.398438 -2522397.560113 1291154.772467
604000.000000 1435919636517.928467 -2510402.897220 1302512.682831
605000.000000 1433414464359.306396 -2497775.331476 1313934.515342
606000.000000 1430922184678.845947 -2484511.615250 1325417.038545
607000.000000 1428443434908.911865 -2470608.695247 1336956.869253
608000.000000 1425978855451.192627 -2456063.720655 1348550.470473
609000.000000 1423529089470.798584 -2440874.051359 1360194.149508
610000.000000 1421094782682.119141 -2425037.266216 1371884.056256
611000.000000 1418676583126.387939 -2408551.171371 1383616.181732
612000.000000 1416275140940.911377 -2391413.808617 1395386.356800
613000.000000 1413891108119.935303 -2373623.463765 1407190.251167
614000.000000 1411525138267.132568 -2355178.675030 1419023.372622
615000.000000 1409177886339.710693 -2336078.241401 1430881.066558
616000.000000 1406850008384.154541 -2316321.230997 1442758.515780
617000.000000 1404542161263.630859 -2295906.989377 1454650.740625
618000.000000 1402255002377.103760 -2274835.147801 1466552.599396
619000.000000 1399989189370.219971 -2253105.631413 1478458.789135
620000.000000 1397745379838.045654 -2230718.667338 1490363.846758
621000.000000 1395524231019.752686 -2207674.792670 1502262.150537
622000.000000 1393326399485.369873 -2183974.862324 1514147.921985
623000.000000 1391152540814.736816 -2159620.056757 1526015.228114
624000.000000 1389003309268.815430 -2134611.889504 1537857.984120
625000.000000 1386879357453.533936 -2108952.214536 1549669.956468
626000.000000 1384781335976.363037 -2082643.233408 1561444.766427
627000.000000 1382709893095.839355 -2055687.502172 1573175.894028
628000.000000 1380665674364.278320 -2028087.938043 1584856.682484
629000.000000 1378649322263.936035 -1999847.825785 1596480.343064
630000.000000 1376661475836.904297 -1970970.823809 1608039.960430
631000.000000 1374702770309.045410 -1941460.969941 1619528.498452
632000.000000 1372773836708.292969 -1911322.686859 1630938.806482
633000.000000 1370875301477.670654 -1880560.787161 1642263.626125
634000.000000 1369007786083.402100 -1849180.478049 1653495.598468
635000.000000 1367171906618.505127 -1817187.365601 1664627.271794
636000.000000 1365368273402.289062 -1784587.458624 1675651.109771
637000.000000 1363597490576.193359 -1751387.172039 1686559.500103
638000.000000 1361860155696.428223 -1717593.329812 1697344.763643
639000.000000 1360156859323.897217 -1683213.167375 1707999.163960
640000.000000 1358488184611.904785 -1648254.333547 1718514.917346
641000.000000 1356854706892.168213 -1612724.891915 1728884.203246
642000.000000 1355256993259.675049 -1576633.321665 1739099.175102
643000.000000 1353695602156.943604 -1539988.517852 1749151.971593
644000.000000 1352171082958.262207 -1502799.791074 1759034.728242
645000.000000 1350683975554.497559 -1465076.866555 1768739.589376
646000.000000 1349234809939.078613 -1426829.882611 1778258.720413
647000.000000 1347824105795.775635 -1388069.388484 1787584.320445
648000.000000 1346452372088.907715 -1348806.341547 1796708.635094
649000.000000 1345120106656.618896 -1309052.103850 1805623.969598
650000.000000 1343827795807.879150 -1268818.438018 1814322.702116
651000.000000 1342575913923.866455 -1228117.502475 1822797.297186
652000.000000 1341364923064.398682 -1186961.846009 1831040.319327
653000.000000 1340195272580.085449 -1145364.401659 1839044.446733
654000.000000 1339067398730.872803 -1103338.479927 1846802.485012
655000.000000 1337981724311.654053 -1060897.761320 1854307.380949
656000.000000 1336938658285.620361 -1018056.288221 1861552.236225
657000.000000 1335938595426.019287 -974828.456087 1868530.321070
658000.000000 1334981915966.986572 -931229.003998 1875235.087788
659000.000000 1334068985264.106445 -887273.004544 1881660.184120
660000.000000 1333200153465.347900 -842975.853079 1887799.466393
661000.000000 1332375755193.014160 -798353.256338 1893647.012412
662000.000000 1331596109237.325928 -753421.220449 1899197.134042
663000.000000 1330861518262.245361 -708196.038346 1904444.389444
664000.000000 1330172268524.129883 -662694.276600 1909383.594917
665000.000000 1329528629603.785400 -616932.761698 1914009.836291
666000.000000 1328930854152.465088 -570928.565787 1918318.479842
667000.000000 1328379177652.338135 -524698.991907 1922305.182681
668000.000000 1327873818191.927734 -478261.558744 1925965.902573
669000.000000 1327414976256.986816 -431633.984925 1929296.907149
670000.000000 1327002834537.256104 -384834.172893 1932294.782477
671000.000000 1326637557749.512451 -337880.192389 1934956.440956
672000.000000 1326319292477.289551 -290790.263568 1937279.128499
673000.000000 1326048167027.613525 -243582.739803 1939260.430976
674000.000000 1325824291305.066162 -196276.090184 1940898.279891
675000.000000 1325647756703.446045 -148888.881776 1942190.957269
676000.000000 1325518636015.269043 -101439.761658 1943137.099737
677000.000000 1325436983359.303467 -53947.438789 1943735.701772
678000.000000 1325402834126.300781 -6430.665729 1943986.118106
679000.000000 1325416204943.042236 41091.779727 1943888.065292
680000.000000 1325477093654.781250 88601.112978 1943441.622397
681000.000000 1325585479326.122803 136078.561058 1942647.230843
682000.000000 1325741322260.336914 183505.381061 1941505.693384
683000.000000 1325944564037.067871 230862.878490 1940018.172230
684000.000000 1326195127568.355225 278132.425511 1938186.186319
685000.000000 1326492917172.848145 325295.479054 1936011.607754
686000.000000 1326837818668.049561 372333.598742 1933496.657416
687000.000000 1327229699480.392090 419228.464585 1930643.899779
688000.000000 1327668408772.906738 465961.894421 1927456.236933
689000.000000 1328153777590.210449 512515.861060 1923936.901861
690000.000000 1328685619020.499512 558872.509097 1920089.450975
691000.000000 1329263728374.203613 605014.171353 1915917.755961
692000.000000 1329887883378.920654 650923.384925 1911425.994955
693000.000000 1330557844390.218994 696582.906799 1906618.643084
694000.000000 1331273354617.864258 741975.729004 1901500.462423
695000.000000 1332034140367.000244 787085.093284 1896076.491389
696000.000000 1332839911293.781982 831894.505242 1890352.033626
697000.000000 1333690360674.937256 876387.747958 1884332.646425
698000.000000 1334585165690.707764 920548.895037 1878024.128711
699000.000000 1335523987720.598389 964362.323080 1871432.508655
700000.000000 1336506472651.346436 1007812.723547 1864564.030945
701000.000000 1337532251196.500488 1050885.114010 1857425.143777
702000.000000 1338600939226.986084 1093564.848771 1850022.485598
703000.000000 1339712138112.022217 1135837.628830 1842362.871647
704000.000000 1340865435069.738281 1177689.511213 1834453.280362
705000.000000 1342060403526.833984 1219106.917620 1826300.839662
706000.000000 1343296603486.616699 1260076.642416 1817912.813188
707000.000000 1344573581904.745605 1300585.859942 1809296.586513
708000.000000 1345890873072.009277 1340622.131158 1800459.653390
709000.000000 1347247999003.460693 1380173.409604 1791409.602060
710000.000000 1348644469833.234131 1419228.046693 1782154.101672
711000.000000 1350079784214.375000 1457774.796328 1772700.888849
712000.000000 1351553429723.012695 1495802.818861 1763057.754439
713000.000000 1353064883266.214600 1533301.684391 1753232.530476
714000.000000 1354613611492.869873 1570261.375416 1743233.077405
715000.000000 1356199071206.956787 1606672.288845 1733067.271575
716000.000000 1357820709782.562256 1642525.237385 1722742.993048
717000.000000 1359477965580.030518 1677811.450313 1712268.113744
718000.000000 1361170268362.635742 1712522.573652 1701650.485947
719000.000000 1362897039713.186523 1746650.669763 1690897.931186
720000.000000 1364657693449.983887 1780188.216371 1680018.229527
721000.000000 1366451636041.576904 1813128.105042 1669019.109278
722000.000000 1368278267019.774170 1845463.639129 1657908.237129
723000.000000 1370136979390.388672 1877188.531214 1646693.208734
724000.000000 1372027160041.214600 1908296.900048 1635381.539760
725000.000000 1373948190146.755615 1938783.267037 1623980.657392
726000.000000 1375899445569.242432 1968642.552265 1612497.892311
727000.000000 1377880297255.502441 1997870.070100 1600940.471154
728000.000000 1379890111629.261230 2026461.524396 1589315.509443
729000.000000 1381928250978.484863 2054413.003303 1577630.005002
730000.000000 1383994073837.385986 2081720.973729 1565890.831845
731000.000000 1386086935362.747559 2108382.275461 1554104.734543
732000.000000 1388206187704.231689 2134394.114963 1542278.323055
733000.000000 1390351180368.373047 2159754.058899 1530418.068034
734000.000000 1392521260575.969727 2184460.027366 1518530.296579
735000.000000 1394715773612.612793 2208510.286893 1506621.188442
736000.000000 1396934063172.114746 2231903.443210 1494696.772673
737000.000000 1399175471692.620361 2254638.433810 1482762.924687
738000.000000 1401439340685.202393 2276714.520326 1470825.363762
739000.000000 1403725011054.767334 2298131.280751 1458889.650923
740000.000000 1406031823413.117676 2318888.601509 1446961.187226
741000.000000 1408359118384.033691 2338986.669403 1435045.212426
742000.000000 1410706236900.259521 2358425.963462 1423146.803988
743000.000000 1413072520492.298584 2377207.246697 1411270.876466
744000.000000 1415457311568.936035 2395331.557793 1399422.181202
745000.000000 1417859953689.431396 2412800.202748 1387605.306345
746000.000000 1420279791827.332764 2429614.746474 1375824.677172
747000.000000 1422716172625.888916 2445777.004389 1364084.556695
748000.000000 1425168444645.042969 2461289.033991 1352389.046538
749000.000000 1427635958600.012695 2476153.126457 1340742.088062
750000.000000 1430118067591.472900 2490371.798259 1329147.463738
751000.000000 1432614127327.370117 2503947.782816 1317608.798735
752000.000000 1435123496336.412842 2516884.022203 1306129.562719
753000.000000 1437645536173.291504 2529183.658912 1294713.071843
754000.000000 1440179611615.693848 2540850.027698 1283362.490914
755000.000000 1442725090853.194824 2551886.647495 1272080.835722
756000.000000 1445281345668.105225 2562297.213432 1260870.975522
757000.000000 1447847751608.375732 2572085.588951 1249735.635647
758000.000000 1450423688152.662598 2581255.798025 1238677.400244
759000.000000 1453008538867.665283 2589812.017505 1227698.715116
760000.000000 1455601691557.857178 2597758.569586 1216801.890667
761000.000000 1458202538407.735596 2605099.914396 1205989.104926
762000.000000 1460810476116.724365 2611840.642737 1195262.406646
763000.000000 1463424906026.866455 2617985.468950 1184623.718464
764000.000000 1466045234243.449951 2623539.223937 1174074.840114
765000.000000 1468670871748.713623 2628506.848330 1163617.451680
766000.000000 1471301234508.786377 2632893.385810 1153253.116888
767000.000000 1473935743574.012451 2636703.976587 1142983.286407
768000.000000 1476573825172.819580 2639943.851035 1132809.301183
769000.000000 1479214910799.293457 2642618.323494 1122732.395762
770000.000000 1481858437294.615479 2644732.786225 1112753.701630
771000.000000 1484503846922.531738 2646292.703540 1102874.250533
772000.000000 1487150587439.013672 2647303.606087 1093094.977787
773000.000000 1489798112156.278564 2647771.085311 1083416.725568
774000.000000 1492445880001.333740 2647700.788069 1073840.246181
775000.000000 1495093355569.211182 2647098.411421 1064366.205291
776000.000000 1497740009171.056885 2645969.697578 1054995.185122
777000.000000 1500385316877.239990 2644320.429020 1045727.687618
778000.000000 1503028760555.646729 2642156.423775 1036564.137558
779000.000000 1505669827905.321045 2639483.530861 1027504.885625
780000.000000 1508308012485.612549 2636307.625884 1018550.211424
781000.000000 1510942813740.993896 2632634.606804 1009700.326448
782000.000000 1513573737021.703857 2628470.389851 1000955.376983
783000.000000 1516200293600.374268 2623820.905598 992315.446965
784000.000000 1518822000684.792236 2618692.095185 983780.560769
785000.000000 1521438381426.952393 2613089.906699 975350.685936
786000.000000 1524048964928.546387 2607020.291696 967025.735843
787000.000000 1526653286243.038330 2600489.201872 958805.572303
788000.000000 1529250886374.468506 2593502.585874 950690.008104
789000.000000 1531841312273.129395 2586066.386254 942678.809480
790000.000000 1534424116828.249268 2578186.536555 934771.698513
791000.000000 1536998858857.822510 2569868.958539 926968.355478
792000.000000 1539565103095.718018 2561119.559538 919268.421109
793000.000000 1542122420176.194092 2551944.229938 911671.498805
794000.000000 1544670386615.948975 2542348.840784 904177.156774
795000.000000 1547208584793.829834 2532339.241511 896784.930098
796000.000000 1549736602928.319092 2521921.257792 889494.322743
797000.000000 1552254035052.917480 2511100.689500 882304.809503
798000.000000 1554760480989.537109 2499883.308784 875215.837873
799000.000000 1557255546320.015869 2488274.858251 868226.829867
800000.000000 1559738842355.860107 2476281.049264 861337.183762
801000.000000 1562209986106.322021 2463907.560325 854546.275794
802000.000000 1564668600244.911865 2451160.035580 847853.461783
803000.000000 1567114313074.444336 2438044.083400 841258.078698
804000.000000 1569546758490.714111 2424565.275069 834759.446173
805000.000000 1571965575944.893799 2410729.143559 828356.867952
806000.000000 1574370410404.741943 2396541.182391 822049.633291
807000.000000 1576760912314.710449 2382006.844581 815837.018293
808000.000000 1579136737555.031982 2367131.541674 809718.287202
809000.000000 1581497547399.869873 2351920.642843 803692.693629
810000.000000 1583843008474.608154 2336379.474083 797759.481743
811000.000000 1586172792712.355225 2320513.317462 791917.887401
812000.000000 1588486577309.736816 2304327.410450 786167.139232
813000.000000 1590784044682.043701 2287826.945321 780506.459681
814000.000000 1593064882417.804932 2271017.068606 774935.065995
815000.000000 1595328783232.849365 2253902.880628 769452.171174
816000.000000 1597575444923.916992 2236489.435081 764056.984877
817000.000000 1599804570321.881836 2218781.738677 758748.714286
818000.000000 1602015867244.640625 2200784.750842 753526.564924
819000.000000 1604209048449.724609 2182503.383478 748389.741446
820000.000000 1606383831586.687012 2163942.500756 743337.448380
821000.000000 1608539939149.313721 2145106.918982 738368.890841
822000.000000 1610677098427.709961 2126001.406487 733483.275199
823000.000000 1612795041460.305908 2106630.683583 728679.809730
824000.000000 1614893504985.825439 2086999.422543 723957.705212
825000.000000 1616972230395.263184 2067112.247639 719316.175513
826000.000000 1619030963683.906982 2046973.735206 714754.438126
827000.000000 1621069455403.446289 2026588.413754 710271.714694
828000.000000 1623087460614.202148 2005960.764106 705867.231495
829000.000000 1625084738837.514893 1985095.219578 701540.219903
830000.000000 1627061054008.321777 1963996.166188 697289.916828
831000.000000 1629016174427.957031 1942667.942895 693115.565119
832000.000000 1630949872717.204834 1921114.841869 689016.413959
833000.000000 1632861925769.633057 1899341.108789 684991.719224
834000.000000 1634752114705.235352 1877350.943168 681040.743829
835000.000000 1636620224824.407959 1855148.498698 677162.758043
836000.000000 1638466045562.285889 1832737.883627 673357.039797
837000.000000 1640289370443.460449 1810123.161152 669622.874962
838000.000000 1642089997037.100830 1787308.349836 665959.557613
839000.000000 1643867726912.502441 1764297.424044 662366.390276
840000.000000 1645622365595.078125 1741094.314402 658842.684158
841000.000000 1647353722522.813232 1717702.908267 655387.759357
842000.000000 1649061611003.202393 1694127.050218 652000.945066
843000.000000 1650745848170.681885 1670370.542567 648681.579750
844000.000000 1652406254944.576904 1646437.145873 645429.011323
845000.000000 1654042655987.574951 1622330.579484 642242.597301
846000.000000 1655654879664.740967 1598054.522086 639121.704948
847000.000000 1657242758003.086182 1573612.612258 636065.711411
848000.000000 1658806126651.703613 1549008.449052 633074.003836
849000.000000 1660344824842.480713 1524245.592572 630145.979486
850000.000000 1661858695351.400146 1499327.564570 627281.045840
851000.000000 1663347584460.437744 1474257.849049 624478.620685
852000.000000 1664811341920.068115 1449039.892875 621738.132195
853000.000000 1666249820912.385986 1423677.106397 619059.019015
854000.000000 1667662878014.849609 1398172.864074 616440.730319
855000.000000 1669050373164.656250 1372530.505110 613882.725872
856000.000000 1670412169623.754395 1346753.334098 611384.476085
857000.000000 1671748133944.499512 1320844.621664 608945.462057
858000.000000 1673058135935.960449 1294807.605118 606565.175617
859000.000000 1674342048630.878906 1268645.489118 604243.119356
860000.000000 1675599748253.290283 1242361.446327 601978.806657
861000.000000 1676831114186.806885 1215958.618080 599771.761718
862000.000000 1678036028943.570801 1189440.115056 597621.519572
863000.000000 1679214378133.877197 1162809.017953 595527.626097
864000.000000 1680366050436.473389 1136068.378160 593489.638032
865000.000000 1681490937569.535889 1109221.218439 591507.122982
866000.000000 1682588934262.327393 1082270.533612 589579.659418
867000.000000 1683659938227.538330 1055219.291236 587706.836682
868000.000000 1684703850134.312256 1028070.432296 585888.254983
869000.000000 1685720573581.958252 1000826.871893 584123.525389
870000.000000 1686710015074.353027 973491.499930 582412.269822
871000.000000 1687672083995.031982 946067.181804 580754.121051
872000.000000 1688606692582.972412 918556.759100 579148.722673
873000.000000 1689513755909.067871 890963.050280 577595.729106
874000.000000 1690393191853.297119 863288.851381 576094.805574
875000.000000 1691244921082.584717 835536.936705 574645.628085
876000.000000 1692068867029.358154 807710.059516 573247.883424
877000.000000 1692864955870.798096 779810.952733 571901.269123
878000.000000 1693633116508.783936 751842.329629 570605.493452
879000.000000 1694373280550.534912 723806.884519 569360.275394
880000.000000 1695085382289.946045 695707.293463 568165.344629
881000.000000 1695769358689.618652 667546.214956 567020.441510
882000.000000 1696425149363.587158 639326.290625 565925.317043
883000.000000 1697052696560.739502 611050.145922 564879.732870
884000.000000 1697651945148.933594 582720.390822 563883.461245
885000.000000 1698222842599.806641 554339.620513 562936.285016
886000.000000 1698765338974.279541 525910.416093 562037.997603
887000.000000 1699279386908.754639 497435.345262 561188.402980
888000.000000 1699764941602.006836 468916.963014 560387.315656
889000.000000 1700221960802.767822 440357.812334 559634.560655
890000.000000 1700650404798.002197 411760.424886 558929.973499
891000.000000 1701050236401.876465 383127.321704 558273.400193
892000.000000 1701421420945.419678 354461.013890 557664.697204
893000.000000 1701763926266.874268 325764.003297 557103.731448
894000.000000 1702077722702.739258 297038.783225 556590.380277
895000.000000 1702362783079.502930 268287.839108 556124.531464
896000.000000 1702619082706.065430 239513.649209 555706.083187
897000.000000 1702846599366.851807 210718.685302 555334.944026
898000.000000 1703045313315.614502 181905.413366 555011.032943
899000.000000 1703215207269.924072 153076.294275 554734.279279
900000.000000 1703356266406.348877 124233.784483 554504.622745
901000.000000 1703468478356.324463 95380.336714 554322.013414
902000.000000 1703551833202.710205 66518.400651 554186.411714
903000.000000 1703606323477.034668 37650.423625 554097.788429
904000.000000 1703631944157.428467 8778.851300 554056.124690
905000.000000 1703628692667.246094 -20093.871638 554061.411977
906000.000000 1703596568874.375244 -48965.300790 554113.652119
907000.000000 1703535575091.234131 -77832.991360 554212.857292
908000.000000 1703445716075.456299 -106694.497466 554359.050023
909000.000000 1703326999031.264648 -135547.371448 554552.263194
910000.000000 1703179433611.533203 -164389.163186 554792.540047
911000.000000 1703003031920.537109 -193217.419406 555079.934189
912000.000000 1702797808517.391113 -222029.682996 555414.509598
913000.000000 1702563780420.177734 -250823.492311 555796.340638
914000.000000 1702300967110.763916 -279596.380488 556225.512060
915000.000000 1702009390540.307617 -308345.874758 556702.119021
916000.000000 1701689075135.454102 -337069.495749 557226.267092
917000.000000 1701340047805.222412 -365764.756802 557798.072271
918000.000000 1700962337948.583008 -394429.163277 558417.661001
919000.000000 1700555977462.725830 -423060.211862 559085.170183
920000.000000 1700121000752.021240 -451655.389882 559800.747192
921000.000000 1699657444737.671631 -480212.174603 560564.549897
922000.000000 1699165348868.056885 -508728.032544 561376.746677
923000.000000 1698644755129.772461 -537200.418782 562237.516440
924000.000000 1698095708059.361816 -565626.776254 563147.048646
925000.000000 1697518254755.741699 -594004.535069 564105.543324
926000.000000 1696912444893.324219 -622331.111808 565113.211096
927000.000000 1696278330735.832275 -650603.908828 566170.273196
928000.000000 1695615967150.812500 -678820.313572 567276.961493
929000.000000 1694925411624.843018 -706977.697864 568433.518514
930000.000000 1694206724279.438965 -735073.417218 569640.197467
931000.000000 1693459967887.654785 -763104.810141 570897.262262
932000.000000 1692685207891.383545 -791069.197429 572204.987534
933000.000000 1691882512419.355225 -818963.881477 573563.658665
934000.000000 1691051952305.831543 -846786.145576 574973.571807
935000.000000 1690193601110.000000 -874533.253215 576435.033905
936000.000000 1689307535136.066162 -902202.447384 577948.362715
937000.000000 1688393833454.043701 -929790.949877 579513.886824
938000.000000 1687452577921.242920 -957295.960590 581131.945673
939000.000000 1686483853204.456787 -984714.656828 582802.889573
940000.000000 1685487746802.845215 -1012044.192603 584527.079723
941000.000000 1684464349071.516113 -1039281.697942 586304.888222
942000.000000 1683413753245.802246 -1066424.278187 588136.698089
943000.000000 1682336055466.233887 -1093469.013303 590022.903269
944000.000000 1681231354804.207031 -1120412.957183 591963.908648
945000.000000 1680099753288.343506 -1147253.136953 593960.130055
946000.000000 1678941355931.543213 -1173986.552288 596011.994274
947000.000000 1677756270758.728027 -1200610.174714 598119.939038
948000.000000 1676544608835.271973 -1227120.946927 600284.413035
949000.000000 1675306484296.118652 -1253515.782106 602505.875900
950000.000000 1674042014375.583252 -1279791.563232 604784.798208
951000.000000 1672751319437.833252 -1305945.142406 607121.661461
952000.000000 1671434523008.049561 -1331973.340176 609516.958073
953000.000000 1670091751804.259766 -1357872.944864 611971.191347
954000.000000 1668723135769.844238 -1383640.711897 614484.875452
955000.000000 1667328808106.706787 -1409273.363144 617058.535387
956000.000000 1665908905309.108887 -1434767.586254 619692.706951
957000.000000 1664463567198.159424 -1460120.034008 622387.936690
958000.000000 1662992936956.957031 -1485327.323665 625144.781856
959000.000000 1661497161166.376465 -1510386.036323 627963.810345
960000.000000 1659976389841.495117 -1535292.716286 630845.600635
961000.000000 1658430776468.651123 -1560043.870432 633790.741710
962000.000000 1656860478043.125488 -1584635.967597 636799.832986
963000.000000 1655265655107.440186 -1609065.437962 639873.484214
964000.000000 1653646471790.263672 -1633328.672452 643012.315385
965000.000000 1652003095845.914307 -1657422.022145 646216.956621
966000.000000 1650335698694.451172 -1681341.797688 649488.048053
967000.000000 1648644455462.341309 -1705084.268731 652826.239694
968000.000000 1646929545023.691895 -1728645.663364 656232.191289
969000.000000 1645191150042.034180 -1752022.167580 659706.572169
970000.000000 1643429457012.647949 -1775209.924735 663250.061077
971000.000000 1641644656305.408936 -1798205.035039 666863.345986
972000.000000 1639836942208.146729 -1821003.555052 670547.123905
973000.000000 1638006512970.496338 -1843601.497203 674302.100665
974000.000000 1636153570848.225098 -1865994.829322 678128.990694
975000.000000 1634278322148.019043 -1888179.474192 682028.516770
976000.000000 1632380977272.706543 -1910151.309126 686001.409759
977000.000000 1630461750766.901611 -1931906.165556 690048.408334
978000.000000 1628520861363.043701 -1953439.828653 694170.258678
979000.000000 1626558532027.811279 -1974748.036964 698367.714161
980000.000000 1624574990008.885498 -1995826.482081 702641.535000
981000.000000 1622570466882.038330 -2016670.808324 706992.487895
982000.000000 1620545198598.517822 -2037276.612470 711421.345642
983000.000000 1618499425532.703125 -2057639.443492 715928.886724
984000.000000 1616433392529.999268 -2077754.802342 720515.894875
985000.000000 1614347348954.939453 -2097618.141761 725183.158619
986000.000000 1612241548739.462891 -2117224.866121 729931.470778
987000.000000 1610116250431.333740 -2136570.331310 734761.627958
988000.000000 1607971717242.664062 -2155649.844644 739674.429999
989000.000000 1605808217098.503418 -2174458.664829 744670.679401
990000.000000 1603626022685.454346 -2192992.001953 749751.180713
991000.000000 1601425411500.273438 -2211245.017531 754916.739887
992000.000000 1599206665898.412109 -2229212.824588 760168.163608
993000.000000 1596970073142.453857 -2246890.487793 765506.258576
994000.000000 1594715925450.397217 -2264273.023637 770931.830757
995000.000000 1592444520043.737793 -2281355.400671 776445.684599
996000.000000 1590156159195.293457 -2298132.539788 782048.622201
997000.000000 1587851150276.721924 -2314599.314566 787741.442449
998000.000000 1585529805805.671143 -2330750.551671 793524.940100
999000.000000 1583192443492.504639 -2346581.031313 799399.904834
1000000.000000 1580839386286.540283 -2362085.487772 805367.120254
1001000.000000 1578470962421.737549 -2377258.609990 811427.362838
1002000.000000 1576087505461.767090 -2392095.042224 817581.400849
1003000.000000 1573689354344.394287 -2406589.384778 823829.993192
1004000.000000 1571276853425.101807 -2420736.194803 830173.888224
1005000.000000 1568850352519.880127 -2434529.987177 836613.822506
1006000.000000 1566410206947.106201 -2447965.235461 843150.519508
1007000.000000 1563956777568.430176 -2461036.372942 849784.688256
1008000.000000 1561490430828.586670 -2473737.793752 856517.021928
1009000.000000 1559011538794.046143 -2486063.854088 863348.196381
1010000.000000 1556520479190.414062 -2498008.873510 870278.868635
1011000.000000 1554017635438.488770 -2509567.136342 877309.675286
1012000.000000 1551503396688.879883 -2520732.893163 884441.230866
1013000.000000 1548978157855.091064 -2531500.362409 891674.126131
1014000.000000 1546442319644.963867 -2541863.732066 899008.926298
1015000.000000 1543896288590.378418 -2551817.161479 906446.169207
1016000.000000 1541340477075.104248 -2561354.783262 913986.363429
1017000.000000 1538775303360.687012 -2570470.705335 921629.986298
1018000.000000 1536201191610.260742 -2579159.013059 929377.481881
1019000.000000 1533618571910.164062 -2587413.771507 937229.258885
1020000.000000 1531027880289.242188 -2595229.027850 945185.688489
1021000.000000 1528429558735.710205 -2602598.813863 953247.102111
1022000.000000 1525824055211.449219 -2609517.148577 961413.789111
1023000.000000 1523211823663.606445 -2615978.041045 969685.994418
1024000.000000 1520593324033.365234 -2621975.493253 978063.916094
1025000.000000 1517969022261.748779 -2627503.503171 986547.702830
1026000.000000 1515339390292.316162 -2632556.067935 995137.451374
1027000.000000 1512704906070.611572 -2637127.187188 1003833.203889
1028000.000000 1510066053540.218506 -2641210.866553 1012634.945249
1029000.000000 1507423322635.272705 -2644801.121265 1021542.600270
1030000.000000 1504777209269.280518 -2647891.979955 1030556.030876
1031000.000000 1502128215320.093506 -2650477.488582 1039675.033203
1032000.000000 1499476848610.878662 -2652551.714532 1048899.334644
1033000.000000 1496823622886.931152 -2654108.750866 1058228.590837
1034000.000000 1494169057788.165283 -2655142.720735 1067662.382597
1035000.000000 1491513678817.125000 -2655647.781962 1077200.212793
1036000.000000 1488858017302.347656 -2655618.131774 1086841.503182
1037000.000000 1486202610356.918457 -2655048.011720 1096585.591196
1038000.000000 1483548000832.046875 -2653931.712737 1106431.726678
1039000.000000 1480894737265.498535 -2652263.580398 1116379.068596
1040000.000000 1478243373824.715088 -2650038.020321 1126426.681714
1041000.000000 1475594470244.452637 -2647249.503748 1136573.533239
1042000.000000 1472948591758.769287 -2643892.573294 1146818.489444
1043000.000000 1470306309027.195801 -2639961.848864 1157160.312284
1044000.000000 1467668198054.917969 -2635452.033738 1167597.655988
1045000.000000 1465034840106.807129 -2630357.920819 1178129.063664
1046000.000000 1462406821615.129639 -2624674.399051 1188752.963902
1047000.000000 1459784734080.775391 -2618396.459994 1199467.667391
1048000.000000 1457169173967.839111 -2611519.204565 1210271.363558
1049000.000000 1454560742591.398926 -2604037.849934 1221162.117242
1050000.000000 1451960045998.334717 -2595947.736569 1232137.865405
1051000.000000 1449367694841.033936 -2587244.335444 1243196.413893
1052000.000000 1446784304243.837158 -2577923.255373 1254335.434263
1053000.000000 1444210493662.079834 -2567980.250508 1265552.460680
1054000.000000 1441646886733.591309 -2557411.227947 1276844.886898
1055000.000000 1439094111122.521240 -2546212.255493 1288209.963336
1056000.000000 1436552798355.364990 -2534379.569517 1299644.794267
1057000.000000 1434023583649.070801 -2521909.582946 1311146.335128
1058000.000000 1431507105731.118408 -2508798.893356 1322711.389964
1059000.000000 1429004006651.466309 -2495044.291153 1334336.609022
1060000.000000 1426514931586.273193 -2480642.767852 1346018.486511
1061000.000000 1424040528633.313477 -2465591.524432 1357753.358544
1062000.000000 1421581448599.010254 -2449887.979750 1369537.401263
1063000.000000 1419138344777.026611 -2433529.779017 1381366.629191
1064000.000000 1416711872718.365723 -2416514.802315 1393236.893793
1065000.000000 1414302689992.940430 -2398841.173142 1405143.882289
1066000.000000 1411911455942.591797 -2380507.266969 1417083.116722
1067000.000000 1409538831425.544678 -2361511.719808 1429049.953297
1068000.000000 1407185478552.307861 -2341853.436755 1441039.582015
1069000.000000 1404852060413.037598 -2321531.600509 1453047.026611
1070000.000000 1402539240796.404053 -2300545.679840 1465067.144811
1071000.000000 1400247683900.013184 -2278895.437996 1477094.628935
1072000.000000 1397978054032.456543 -2256580.941025 1489124.006848
1073000.000000 1395731015307.080078 -2233602.565998 1501149.643286
1074000.000000 1393507231327.579834 -2209961.009109 1513165.741559
1075000.000000 1391307364865.553467 -2185657.293637 1525166.345659
1076000.000000 1389132077530.157715 -2160692.777745 1537145.342779
1077000.000000 1386982029430.038818 -2135069.162101 1549096.466258
1078000.000000 1384857878827.729248 -2108788.497292 1561013.298962
1079000.000000 1382760281786.721436 -2081853.191013 1572889.277115
1080000.000000 1380689891811.452148 -2054266.015012 1584717.694588
1081000.000000 1378647359480.455322 -2026030.111765 1596491.707660
1082000.000000 1376633332072.962158 -1997149.000855 1608204.340249
1083000.000000 1374648453189.248779 -1967626.585038 1619848.489630
1084000.000000 1372693362365.059814 -1937467.155975 1631416.932635
1085000.000000 1370768694680.451172 -1906675.399592 1642902.332350
1086000.000000 1368875080363.427246 -1875256.401067 1654297.245295
1087000.000000 1367013144388.763672 -1843215.649402 1665594.129104
1088000.000000 1365183506072.433594 -1810559.041572 1676785.350688
1089000.000000 1363386778662.076172 -1777292.886213 1687863.194883
1090000.000000 1361623568923.968994 -1743423.906841 1698819.873581
1091000.000000 1359894476726.987549 -1708959.244579 1709647.535331
1092000.000000 1358200094624.055420 -1673906.460360 1720338.275390
1093000.000000 1356541007431.611572 -1638273.536597 1730884.146238
1094000.000000 1354917791807.637939 -1602068.878299 1741277.168507
1095000.000000 1353331015828.812256 -1565301.313606 1751509.342335
1096000.000000 1351781238567.367432 -1527980.093740 1761572.659113
1097000.000000 1350269009668.256348 -1490114.892343 1771459.113601
1098000.000000 1348794868927.236572 -1451715.804191 1781160.716391
1099000.000000 1347359345870.505859 -1412793.343273 1790669.506696
1100000.000000 1345962959336.529053 -1373358.440219 1799977.565424
1101000.000000 1344606217060.712158 -1333422.439064 1809077.028514
1102000.000000 1343289615263.589111 -1292997.093349 1817960.100505
1103000.000000 1342013638243.193604 -1252094.561538 1826619.068281
1104000.000000 1340778757972.297607 -1210727.401750 1835046.314986
1105000.000000 1339585433701.202148 -1168908.565805 1843234.334039
1106000.000000 1338434111566.770264 -1126651.392584 1851175.743231
1107000.000000 1337325224208.392334 -1083969.600687 1858863.298844
1108000.000000 1336259190391.574707 -1040877.280412 1866289.909765
1109000.000000 1335236414639.840332 -997388.885041 1873448.651532
1110000.000000 1334257286875.621826 -953519.221453 1880332.780277
1111000.000000 1333322182070.828125 -909283.440059 1886935.746521
1112000.000000 1332431459907.748047 -864697.024075 1893251.208762
1113000.000000 1331585464450.950684 -819775.778155 1899273.046822
1114000.000000 1330784523830.825195 -774535.816375 1904995.374891
1115000.000000 1330028949939.388184 -728993.549608 1910412.554234
1116000.000000 1329319038138.970215 -683165.672296 1915519.205502
1117000.000000 1328655066984.373291 -637069.148640 1920310.220615
1118000.000000 1328037297959.068115 -590721.198242 1924780.774150
1119000.000000 1327465975225.978760 -544139.281201 1928926.334211
1120000.000000 1326941325393.374023 -497341.082720 1932742.672729
1121000.000000 1326463557296.360107 -450344.497223 1936225.875148
1122000.000000 1326032861794.437988 -403167.612036 1939372.349463
1123000.000000 1325649411585.558105 -355828.690647 1942178.834573
1124000.000000 1325313361037.072754 -308346.155586 1944642.407913
1125000.000000 1325024846033.953369 -260738.570966 1946760.492334
1126000.000000 1324783983844.602051 -213024.624705 1948530.862202
1127000.000000 1324590873004.551270 -165223.110483 1949951.648692
1128000.000000 1324445593218.307617 -117352.909463 1951021.344251
1129000.000000 1324348205279.557373 -69432.971819 1951738.806220
1130000.000000 1324298751009.909912 -21482.298111 1952103.259582
1131000.000000 1324297253216.315674 26480.079455 1952114.298849
1132000.000000 1324343715667.254150 74435.115834 1951771.889059
1133000.000000 1324438123087.746338 122363.771986 1951076.365880
1134000.000000 1324580441173.204346 170247.033702 1950028.434845
1135000.000000 1324770616622.088135 218065.930374 1948629.169679
1136000.000000 1325008577187.299316 265801.553682 1946880.009770
1137000.000000 1325294231746.199951 313435.076133 1944782.756762
1138000.000000 1325627470389.102295 360947.769427 1942339.570296
1139000.000000 1326008164526.037842 408321.022612 1939552.962920
1140000.000000 1326436167011.572510 455536.359973 1936425.794186
1141000.000000 1326911312287.395752 502575.458638 1932961.263958
1142000.000000 1327433416542.375732 549420.165850 1929162.904958
1143000.000000 1328002277889.734375 596052.515865 1925034.574585
1144000.000000 1328617676560.963135 642454.746467 1920580.446034
1145000.000000 1329279375116.064453 688609.315031 1915804.998758
1146000.000000 1329987118669.672852 734498.914137 1910713.008309
1147000.000000 1330740635132.579834 780106.486680 1905309.535593
1148000.000000 1331539635468.156982 825415.240465 1899599.915589
1149000.000000 1332383813963.145752 870408.662254 1893589.745575
1150000.000000 1333272848512.256348 915070.531239 1887284.872900
1151000.000000 1334206400915.996582 959384.931929 1880691.382352
1152000.000000 1335184117191.131104 1003336.266416 1873815.583175
1153000.000000 1336205627893.149170 1046909.266026 1866663.995770
1154000.000000 1337270548450.107666 1090089.002306 1859243.338141
1155000.000000 1338378479507.197998 1132860.897372 1851560.512123
1156000.000000 1339529007281.373047 1175210.733574 1843622.589451
1157000.000000 1340721703925.363525 1217124.662491 1835436.797699
1158000.000000 1341956127900.400635 1258589.213238 1827010.506164
1159000.000000 1343231824356.959961 1299591.300081 1818351.211708
1160000.000000 1344548325522.834717 1340118.229371 1809466.524631
1161000.000000 1345905151097.847412 1380157.705768 1800364.154595
1162000.000000 1347301808654.505859 1419697.837792 1791051.896662
1163000.000000 1348737794043.915771 1458727.142671 1781537.617464
1164000.000000 1350212591806.264160 1497234.550520 1771829.241568
1165000.000000 1351725675585.192139 1535209.407831 1761934.738043
1166000.000000 1353276508545.386719 1572641.480309 1751862.107297
1167000.000000 1354864543792.729980 1609520.955045 1741619.368180
1168000.000000 1356489224796.351318 1645838.442040 1731214.545419
1169000.000000 1358149985811.946289 1681584.975112 1720655.657379
1170000.000000 1359846252305.736328 1716752.012169 1709950.704202
1171000.000000 1361577441378.457764 1751331.434897 1699107.656334
1172000.000000 1363342962188.790283 1785315.547855 1688134.443455
1173000.000000 1365142216375.644531 1818697.077004 1677038.943852
1174000.000000 1366974598478.753906 1851469.167701 1665828.974222
1175000.000000 1368839496357.033447 1883625.382149 1654512.279945
1176000.000000 1370736291604.184570 1915159.696360 1643096.525816
1177000.000000 1372664359961.051514 1946066.496616 1631589.287268
1178000.000000 1374623071724.253906 1976340.575482 1619998.042067
1179000.000000 1376611792150.640625 2005977.127370 1608330.162506
1180000.000000 1378629881857.134766 2034971.743686 1596592.908093
1181000.000000 1380676697215.562500 2063320.407588 1584793.418721
1182000.000000 1382751590742.078125 2091019.488363 1572938.708346
1183000.000000 1384853911480.825928 2118065.735462 1561035.659143
1184000.000000 1386983005381.498047 2144456.272210 1549091.016153
1185000.000000 1389138215670.472656 2170188.589207 1537111.382406
1186000.000000 1391318883215.239990 2195260.537459 1525103.214522
1187000.000000 1393524346881.845947 2219670.321242 1513072.818769
1188000.000000 1395753943885.105713 2243416.490737 1501026.347572
1189000.000000 1398007010131.361816 2266497.934455 1488969.796478
1190000.000000 1400282880553.584961 2288913.871468 1476909.001533
1191000.000000 1402580889438.633301 2310663.843467 1464849.637093
1192000.000000 1404900370746.511963 2331747.706679 1452797.214025
1193000.000000 1407240658421.490479 2352165.623651 1440757.078310
1194000.000000 1409601086694.959229 2371918.054928 1428734.410011
1195000.000000 1411980990379.923828 2391005.750634 1416734.222603
1196000.000000 1414379705157.054932 2409429.741994 1404761.362652
1197000.000000 1416796567852.229736 2427191.332787 1392820.509815
1198000.000000 1419230916705.518555 2444292.090778 1380916.177152
1199000.000000 1421682091631.587158 2460733.839120 1369052.711738
1200000.000000 1424149434471.500244 2476518.647751 1357234.295548
1201000.000000 1426632289235.927979 2491648.824807 1345464.946611
1202000.000000 1429130002339.773438 2506126.908055 1333748.520402
1203000.000000 1431641922828.248047 2519955.656367 1322088.711469
1204000.000000 1434167402594.441162 2533138.041242 1310489.055276
1205000.000000 1436705796588.437988 2545677.238392 1298952.930242
1206000.000000 1439256463018.053223 2557576.619400 1287483.559959
1207000.000000 1441818763541.259766 2568839.743469 1276084.015588
1208000.000000 1444392063450.400391 2579470.349255 1264757.218397
1209000.000000 1446975731848.280518 2589472.346814 1253505.942452
1210000.000000 1449569141816.250000 2598849.809653 1242332.817418
1211000.000000 1452171670574.387939 2607606.966906 1231240.331485
1212000.000000 1454782699633.915039 2615748.195632 1220230.834386
1213000.000000 1457401614941.960938 2623278.013255 1209306.540507
1214000.000000 1460027807018.825439 2630201.070131 1198469.532066
1215000.000000 1462660671087.871582 2636522.142272 1187721.762364
1216000.000000 1465299607198.201416 2642246.124209 1177065.059080
1217000.000000 1467944020340.261719 2647378.022021 1166501.127619
1218000.000000 1470593320554.537354 2651922.946503 1156031.554482
1219000.000000 1473246923033.489990 2655886.106517 1145657.810668
1220000.000000 1475904248216.904297 2659272.802484 1135381.255090
1221000.000000 1478564721880.803955 2662088.420057 1125203.137991
1222000.000000 1481227775220.104736 2664338.423954 1115124.604372
1223000.000000 1483892844925.172607 2666028.351961 1105146.697400
1224000.000000 1486559373252.454590 2667163.809102 1095270.361805
1225000.000000 1489226808089.350830 2667750.461980 1085496.447264
1226000.000000 1491894603013.500244 2667794.033293 1075825.711743
1227000.000000 1494562217346.646729 2667300.296508 1066258.824822
1228000.000000 1497229116203.258301 2666275.070716 1056796.370976
1229000.000000 1499894770534.064941 2664724.215649 1047438.852813
1230000.000000 1502558657164.686035 2662653.626864 1038186.694275
1231000.000000 1505220258829.511963 2660069.231100 1029040.243778
1232000.000000 1507879064201.007812 2656976.981789 1019999.777312
1233000.000000 1510534567914.600098 2653382.854740 1011065.501477
1234000.000000 1513186270589.312012 2649292.843977 1002237.556468
1235000.000000 1515833678844.303711 2644712.957738 993516.018990
1236000.000000 1518476305311.478027 2639649.214633 984900.905126
1237000.000000 1521113668644.306396 2634107.639953 976392.173126
1238000.000000 1523745293523.027344 2628094.262129 967989.726140
1239000.000000 1526370710656.368652 2621615.109344 959693.414882
1240000.000000 1528989456779.940430 2614676.206291 951503.040228
1241000.000000 1531601074651.444824 2607283.571069 943418.355744
1242000.000000 1534205113042.842285 2599443.212223 935439.070148
1243000.000000 1536801126729.615479 2591161.125922 927564.849699
1244000.000000 1539388676477.264648 2582443.293267 919795.320523
1245000.000000 1541967329025.169189 2573295.677736 912130.070867
1246000.000000 1544536657067.942627 2563724.222748 904568.653285
1247000.000000 1547096239234.410156 2553734.849361 897110.586755
1248000.000000 1549645660064.328369 2543333.454085 889755.358728
1249000.000000 1552184509982.970459 2532525.906812 882502.427114
1250000.000000 1554712385273.690674 2521318.048867 875351.222196
1251000.000000 1557228888048.584473 2509715.691166 868301.148482
1252000.000000 1559733626217.350586 2497724.612481 861351.586491
1253000.000000 1562226213454.465820 2485350.557816 854501.894476
1254000.000000 1564706269164.773926 2472599.236875 847751.410084
1255000.000000 1567173418447.589600 2459476.322641 841099.451958
1256000.000000 1569627292059.415527 2445987.450042 834545.321267
1257000.000000 1572067526375.365723 2432138.214709 828088.303195
1258000.000000 1574493763349.387451 2417934.171829 821727.668358
1259000.000000 1576905650473.369385 2403380.835081 815462.674169
1260000.000000 1579302840735.220459 2388483.675655 809292.566148
1261000.000000 1581684992576.002930 2373248.121354 803216.579179
1262000.000000 1584051769846.197510 2357679.555770 797233.938716
1263000.000000 1586402841761.178955 2341783.317535 791343.861931
1264000.000000 1588737882855.972656 2325564.699653 785545.558820
1265000.000000 1591056572939.366943 2309028.948886 779838.233258
1266000.000000 1593358597047.446289 2292181.265218 774221.084007
1267000.000000 1595643645396.612305 2275026.801381 768693.305677
1268000.000000 1597911413336.155518 2257570.662441 763254.089647
1269000.000000 1600161601300.438232 2239817.905442 757902.624939
1270000.000000 1602393914760.747559 2221773.539110 752638.099052
1271000.000000 1604608064176.871826 2203442.523609 747459.698759
1272000.000000 1606803764948.457764 2184829.770350 742366.610861
1273000.000000 1608980737366.195801 2165940.141850 737358.022908
1274000.000000 1611138706562.884521 2146778.451639 732433.123879
1275000.000000 1613277402464.421387 2127349.464209 727591.104830
1276000.000000 1615396559740.762939 2107657.895015 722831.159512
1277000.000000 1617495917756.899170 2087708.410510 718152.484949
1278000.000000 1619575220523.882080 2067505.628220 713554.281993
1279000.000000 1621634216649.946777 2047054.116865 709035.755842
1280000.000000 1623672659291.763428 2026358.396502 704596.116535
1281000.000000 1625690306105.855225 2005422.938722 700234.579420
1282000.000000 1627686919200.216064 1984252.166858 695950.365584
1283000.000000 1629662265086.159668 1962850.456240 691742.702278
1284000.000000 1631616114630.431152 1941222.134477 687610.823295
1285000.000000 1633548243007.609619 1919371.481759 683553.969345
1286000.000000 1635458429652.830322 1897302.731195 679571.388392
1287000.000000 1637346458214.850830 1875020.069170 675662.335981
1288000.000000 1639212116509.487549 1852527.635732 671826.075536
1289000.000000 1641055196473.445068 1829829.524995 668061.878643
1290000.000000 1642875494118.560791 1806929.785571 664369.025317
1291000.000000 1644672809486.485596 1783832.421011 660746.804242
1292000.000000 1646446946603.821045 1760541.390279 657194.513005
1293000.000000 1648197713437.731445 1737060.608235 653711.458307
1294000.000000 1649924921852.046387 1713393.946135 650296.956160
1295000.000000 1651628387563.875000 1689545.232150 646950.332068
1296000.000000 1653307930100.741943 1665518.251902 643670.921200
1297000.000000 1654963372758.264160 1641316.749008 640458.068543
1298000.000000 1656594542558.379395 1616944.425641 637311.129045
1299000.000000 1658201270208.140869 1592404.943103 634229.467745
1300000.000000 1659783390059.089355 1567701.922412 631212.459896
1301000.000000 1661340740067.214355 1542838.944891 628259.491074
1302000.000000 1662873161753.514648 1517819.552779 625369.957271
1303000.000000 1664380500165.166992 1492647.249844 622543.264994
1304000.000000 1665862603837.315186 1467325.502005 619778.831339
1305000.000000 1667319324755.483887 1441857.737964 617076.084064
1306000.000000 1668750518318.627686 1416247.349846 614434.461655
1307000.000000 1670156043302.822021 1390497.693842 611853.413382
1308000.000000 1671535761825.602539 1364612.090864 609332.399348
1309000.000000 1672889539310.958496 1338593.827204 606870.890531
1310000.000000 1674217244454.987061 1312446.155191 604468.368823
1311000.000000 1675518749192.212891 1286172.293866 602124.327060
1312000.000000 1676793928662.577393 1259775.429653 599838.269046
1313000.000000 1678042661179.103027 1233258.717033 597609.709576
1314000.000000 1679264828196.235596 1206625.279228 595438.174451
1315000.000000 1680460314278.868652 1179878.208882 593323.200488
1316000.000000 1681629007072.052246 1153020.568750 591264.335530
1317000.000000 1682770797271.390869 1126055.392386 589261.138447
1318000.000000 1683885578594.130615 1098985.684836 587313.179141
1319000.000000 1684973247750.939453 1071814.423331 585420.038538
1320000.000000 1686033704418.382812 1044544.557981 583581.308584
1321000.000000 1687066851212.094238 1017179.012477 581796.592240
1322000.000000 1688072593660.644775 989720.684786 580065.503469
1323000.000000 1689050840180.111084 962172.447849 578387.667222
1324000.000000 1690001502049.343994 934537.150286 576762.719427
1325000.000000 1690924493385.937988 906817.617098 575190.306971
1326000.000000 1691819731122.902100 879016.650362 573670.087683
1327000.000000 1692687134986.033203 851137.029941 572201.730314
1328000.000000 1693526627471.992188 823181.514185 570784.914520
1329000.000000 1694338133827.083252 795152.840629 569419.330839
1330000.000000 1695121582026.734863 767053.726704 568104.680669
1331000.000000 1695876902755.686035 738886.870434 566840.676250
1332000.000000 1696604029388.873291 710654.951143 565627.040637
1333000.000000 1697302897973.022217 682360.630153 564463.507678
1334000.000000 1697973447208.940186 654006.551492 563349.821996
1335000.000000 1698615618434.513428 625595.342591 562285.738960
1336000.000000 1699229355608.403564 597129.614990 561271.024666
1337000.000000 1699814605294.447998 568611.965037 560305.455913
1338000.000000 1700371316646.760010 540044.974589 559388.820183
1339000.000000 1700899441395.530518 511431.211714 558520.915617
1340000.000000 1701398933833.528809 482773.231389 557701.550994
1341000.000000 1701869750803.304932 454073.576198 556930.545713
1342000.000000 1702311851685.089111 425334.777038 556207.729770
1343000.000000 1702725198385.391113 396559.353809 555532.943743
1344000.000000 1703109755326.297852 367749.816116 554906.038769
1345000.000000 1703465489435.468262 338908.663965 554326.876531
1346000.000000 1703792370136.824707 310038.388462 553795.329240
1347000.000000 1704090369341.942871 281141.472507 553311.279619
1348000.000000 1704359461442.135742 252220.391492 552874.620893
1349000.000000 1704599623301.234619 223277.613995 552485.256770
1350000.000000 1704810834249.066162 194315.602474 552143.101436
1351000.000000 1704993076075.622314 165336.813966 551848.079537
1352000.000000 1705146333025.927002 136343.700778 551600.126178
1353000.000000 1705270591795.596436 107338.711183 551399.186910
1354000.000000 1705365841527.093506 78324.290111 551245.217724
1355000.000000 1705432073806.676025 49302.879848 551138.185049
1356000.000000 1705469282662.039307 20276.920725 551078.065742
1357000.000000 1705477464560.651367 -8751.148185 551064.847093
1358000.000000 1705456618408.783447 -37778.888376 551098.526819
1359000.000000 1705406745551.232178 -66803.861214 551179.113066
1360000.000000 1705327849771.736572 -95823.627244 551306.624411
1361000.000000 1705219937294.088379 -124835.745496 551481.089865
1362000.000000 1705083016783.936279 -153837.772791 551702.548877
1363000.000000 1704917099351.284180 -182827.263046 551971.051341
1364000.000000 1704722198553.682617 -211801.766583 552286.657603
1365000.000000 1704498330400.116943 -240758.829429 552649.438469
1366000.000000 1704245513355.587646 -269695.992626 553059.475216
1367000.000000 1703963768346.387695 -298610.791534 553516.859603
1368000.000000 1703653118766.074707 -327500.755133 554021.693884
1369000.000000 1703313590482.138916 -356363.405330 554574.090820
1370000.000000 1702945211843.367676 -385196.256261 555174.173698
1371000.000000 1702548013687.907227 -413996.813594 555822.076342
1372000.000000 1702122029352.021729 -442762.573829 556517.943135
1373000.000000 1701667294679.550537 -471491.023605 557261.929036
1374000.000000 1701183848032.063232 -500179.638993 558054.199596
1375000.000000 1700671730299.715088 -528825.884805 558894.930984
1376000.000000 1700130984912.801758 -557427.213887 559784.310003
1377000.000000 1699561657854.014160 -585981.066423 560722.534116
1378000.000000 1698963797671.395752 -614484.869231 561709.811466
1379000.000000 1698337455491.999512 -642936.035059 562746.360899
1380000.000000 1697682685036.249023 -671331.961887 563832.411993
1381000.000000 1696999542633.001709 -699670.032222 564968.205072
1382000.000000 1696288087235.315674 -727947.612390 566153.991243
1383000.000000 1695548380436.921143 -756162.051839 567390.032411
1384000.000000 1694780486489.395752 -784310.682427 568676.601308
1385000.000000 1693984472320.045410 -812390.817722 570013.981517
1386000.000000 1693160407550.490234 -840399.752293 571402.467500
1387000.000000 1692308364515.957031 -868334.761005 572842.364617
1388000.000000 1691428418285.277344 -896193.098313 574333.989154
1389000.000000 1690520646681.592041 -923971.997557 575877.668345
1390000.000000 1689585130303.761719 -951668.670251 577473.740395
1391000.000000 1688621952548.484375 -979280.305382 579122.554501
1392000.000000 1687631199633.119385 -1006804.068701 580824.470876
1393000.000000 1686612960619.216309 -1034237.102017 582579.860765
1394000.000000 1685567327436.750732 -1061576.522493 584389.106464
1395000.000000 1684494394909.064453 -1088819.421940 586252.601337
1396000.000000 1683394260778.509766 -1115962.866115 588170.749829
1397000.000000 1682267025732.798340 -1143003.894016 590143.967482
1398000.000000 1681112793432.050781 -1169939.517182 592172.680938
1399000.000000 1679931670536.548828 -1196766.718992 594257.327955
1400000.000000 1678723766735.185303 -1223482.453966 596398.357404
1401000.000000 1677489194774.613037 -1250083.647071 598596.229276
1402000.000000 1676228070489.089111 -1276567.193023 600851.414675
1403000.000000 1674940512831.011475 -1302929.955601 603164.395816
1404000.000000 1673626643902.146973 -1329168.766952 605535.666012
1405000.000000 1672286588985.545654 -1355280.426908 607965.729662
1406000.000000 1670920476578.140381 -1381261.702307 610455.102231
1407000.000000 1669528438424.026367 -1407109.326310 613004.310226
1408000.000000 1668110609548.416504 -1432819.997730 615613.891165
1409000.000000 1666667128292.268555 -1458390.380364 618284.393544
1410000.000000 1665198136347.579102 -1483817.102326 621016.376792
1411000.000000 1663703778793.338867 -1509096.755394 623810.411226
1412000.000000 1662184204132.142334 -1534225.894356 626667.077992
1413000.000000 1660639564327.447266 -1559201.036364 629586.969004
1414000.000000 1659070014841.474854 -1584018.660298 632570.686871
1415000.000000 1657475714673.743896 -1608675.206138 635618.844820
1416000.000000 1655856826400.231445 -1633167.074343 638732.066601
1417000.000000 1654213516213.149170 -1657490.625237 641910.986393
1418000.000000 1652545953961.328125 -1681642.178410 645156.248696
1419000.000000 1650854313191.199219 -1705618.012129 648468.508204
1420000.000000 1649138771188.360107 -1729414.362755 651848.429683
1421000.000000 1647399509019.716064 -1753027.424179 655296.687819
1422000.000000 1645636711576.181885 -1776453.347268 658813.967067
1423000.000000 1643850567615.931885 -1799688.239324 662400.961480
1424000.000000 1642041269808.182373 -1822728.163563 666058.374526
1425000.000000 1640209014777.493652 -1845569.138601 669786.918886
1426000.000000 1638354003148.571533 -1868207.137968 673587.316243
1427000.000000 1636476439591.554688 -1890638.089632 677460.297053
1428000.000000 1634576532867.766113 -1912857.875544 681406.600291
1429000.000000 1632654495875.912354 -1934862.331204 685426.973190
1430000.000000 1630710545698.706299 -1956647.245250 689522.170955
1431000.000000 1628744903649.893799 -1978208.359067 693692.956457
1432000.000000 1626757795321.660889 -1999541.366419 697940.099909
1433000.000000 1624749450632.395264 -2020641.913114 702264.378517
1434000.000000 1622720103874.778320 -2041505.596684 706666.576111
1435000.000000 1620669993764.177734 -2062127.966104 711147.482754
1436000.000000 1618599363487.315186 -2082504.521534 715707.894317
1437000.000000 1616508460751.175293 -2102630.714096 720348.612042
1438000.000000 1614397537832.125488 -2122501.945680 725070.442065
1439000.000000 1612266851625.213623 -2142113.568791 729874.194922
1440000.000000 1610116663693.607666 -2161460.886425 734760.685016
1441000.000000 1607947240318.139160 -2180539.151988 739730.730063
1442000.000000 1605758852546.912842 -2199343.569254 744785.150495
1443000.000000 1603551776244.941406 -2217869.292364 749924.768845
1444000.000000 1601326292143.762451 -2236111.425869 755150.409083
1445000.000000 1599082685890.992920 -2254065.024822 760462.895928
1446000.000000 1596821248099.773438 -2271725.094912 765863.054115
1447000.000000 1594542274398.055420 -2289086.592655 771351.707632
1448000.000000 1592246065477.677246 -2306144.425632 776929.678908
1449000.000000 1589932927143.178467 -2322893.452786 782597.787973
1450000.000000 1587603170360.294189 -2339328.484772 788356.851560
1451000.000000 1585257111304.073486 -2355444.284372 794207.682179
1452000.000000 1582895071406.559082 -2371235.566968 800151.087136
1453000.000000 1580517377403.966553 -2386697.001078 806187.867510
1454000.000000 1578124361383.297119 -2401823.208966 812318.817079
1455000.000000 1575716360828.315430 -2416608.767316 818544.721201
1456000.000000 1573293718664.821045 -2431048.207979 824866.355643
1457000.000000 1570856783305.139893 -2445136.018802 831284.485352
1458000.000000 1568405908691.758789 -2458866.644524 837799.863184
1459000.000000 1565941454340.024902 -2472234.487767 844413.228568
1460000.000000 1563463785379.824951 -2485233.910097 851125.306119
1461000.000000 1560973272596.161133 -2497859.233184 857936.804189
1462000.000000 1558470292468.533691 -2510104.740046 864848.413366
1463000.000000 1555955227209.039307 -2521964.676391 871860.804906
1464000.000000 1553428464799.090088 -2533433.252046 878974.629103
1465000.000000 1550890399024.655762 -2544504.642499 886190.513607
1466000.000000 1548341429509.927246 -2555172.990535 893509.061663
1467000.000000 1545781961749.297363 -2565432.407982 900930.850294
1468000.000000 1543212407137.552002 -2575276.977563 908456.428418
1469000.000000 1540633182998.158691 -2584700.754866 916086.314894
1470000.000000 1538044712609.541504 -2593697.770423 923820.996504
1471000.000000 1535447425229.221680 -2602262.031920 931660.925863
1472000.000000 1532841756115.704590 -2610387.526517 939606.519263
1473000.000000 1530228146547.988770 -2618068.223300 947658.154445
1474000.000000 1527607043842.570068 -2625298.075865 955816.168301
1475000.000000 1524978901367.808594 -2632071.025028 964080.854509
1476000.000000 1522344178555.526611 -2638381.001680 972452.461091
1477000.000000 1519703340909.697998 -2644221.929768 980931.187908
1478000.000000 1517056860012.090820 -2649587.729433 989517.184080
1479000.000000 1514405213524.719238 -2654472.320281 998210.545340
1480000.000000 1511748885188.956787 -2658869.624809 1007011.311313
1481000.000000 1509088364821.163818 -2662773.571980 1015919.462736
1482000.000000 1506424148304.676025 -2666178.100951 1024934.918605
1483000.000000 1503756737577.998047 -2669077.164958 1034057.533258
1484000.000000 1501086640619.046631 -2671464.735364 1043287.093396
1485000.000000 1498414371425.282227 -2673334.805858 1052623.315041
1486000.000000 1495740449989.566650 -2674681.396831 1062065.840432
1487000.000000 1493065402271.583008 -2675498.559905 1071614.234876
1488000.000000 1490389760164.650879 -2675780.382639 1081267.983529
1489000.000000 1487714061457.770020 -2675520.993399 1091026.488138
1490000.000000 1485038849792.720703 -2674714.566396 1100889.063734
1491000.000000 1482364674616.052490 -2673355.326906 1110854.935284
1492000.000000 1479692091125.788086 -2671437.556649 1120923.234300
1493000.000000 1477021660212.669678 -2668955.599347 1131092.995423
1494000.000000 1474353948395.775879 -2665903.866459 1141363.152972
1495000.000000 1471689527752.335205 -2662276.843083 1151732.537478
1496000.000000 1469028975841.563965 -2658069.094031 1162199.872201
1497000.000000 1466372875622.356201 -2653275.270077 1172763.769638
1498000.000000 1463721815364.654785 -2647890.114378 1183422.728026
1499000.000000 1461076388554.334473 -2641908.469058 1194175.127866
1500000.000000 1458437193791.427979 -2635325.281960 1205019.228445
